<?xml version='1.0' encoding='utf-8' ?>
<GfMotion version="0.8" FrameSize="10" CurrrentUnit="ntsc">
	<Source Path="" TargetNode="|Ref:Ref:testpreset_E"/>
	<ModelAABB>-176.098953 -12.424225 -45.519005 144.473145 208.913666 48.085915</ModelAABB>
	<UvAnimation/>
	<BlendShapeAnimation/>
	<VisibilityAnimation>
		<Mesh Name="Ref:Ref:glassShape">
			<IsVisible Frame="0">true</IsVisible>
			<IsVisible Frame="1">true</IsVisible>
			<IsVisible Frame="2">true</IsVisible>
			<IsVisible Frame="3">true</IsVisible>
			<IsVisible Frame="4">true</IsVisible>
			<IsVisible Frame="5">true</IsVisible>
			<IsVisible Frame="6">true</IsVisible>
			<IsVisible Frame="7">true</IsVisible>
			<IsVisible Frame="8">true</IsVisible>
			<IsVisible Frame="9">true</IsVisible>
			<IsVisible Frame="10">true</IsVisible>
		</Mesh>
		<Mesh Name="Ref:Ref:head_mdlShape">
			<IsVisible Frame="0">true</IsVisible>
			<IsVisible Frame="1">true</IsVisible>
			<IsVisible Frame="2">true</IsVisible>
			<IsVisible Frame="3">true</IsVisible>
			<IsVisible Frame="4">true</IsVisible>
			<IsVisible Frame="5">true</IsVisible>
			<IsVisible Frame="6">true</IsVisible>
			<IsVisible Frame="7">true</IsVisible>
			<IsVisible Frame="8">true</IsVisible>
			<IsVisible Frame="9">true</IsVisible>
			<IsVisible Frame="10">true</IsVisible>
		</Mesh>
		<Mesh Name="Ref:Ref:tebukuroShape">
			<IsVisible Frame="0">true</IsVisible>
			<IsVisible Frame="1">true</IsVisible>
			<IsVisible Frame="2">true</IsVisible>
			<IsVisible Frame="3">true</IsVisible>
			<IsVisible Frame="4">true</IsVisible>
			<IsVisible Frame="5">true</IsVisible>
			<IsVisible Frame="6">true</IsVisible>
			<IsVisible Frame="7">true</IsVisible>
			<IsVisible Frame="8">true</IsVisible>
			<IsVisible Frame="9">true</IsVisible>
			<IsVisible Frame="10">true</IsVisible>
		</Mesh>
		<Mesh Name="Ref:Ref:mic_mdlShape">
			<IsVisible Frame="0">true</IsVisible>
			<IsVisible Frame="1">true</IsVisible>
			<IsVisible Frame="2">true</IsVisible>
			<IsVisible Frame="3">true</IsVisible>
			<IsVisible Frame="4">true</IsVisible>
			<IsVisible Frame="5">true</IsVisible>
			<IsVisible Frame="6">true</IsVisible>
			<IsVisible Frame="7">true</IsVisible>
			<IsVisible Frame="8">true</IsVisible>
			<IsVisible Frame="9">true</IsVisible>
			<IsVisible Frame="10">true</IsVisible>
		</Mesh>
		<Mesh Name="Ref:Ref:hair_mdlShape">
			<IsVisible Frame="0">true</IsVisible>
			<IsVisible Frame="1">true</IsVisible>
			<IsVisible Frame="2">true</IsVisible>
			<IsVisible Frame="3">true</IsVisible>
			<IsVisible Frame="4">true</IsVisible>
			<IsVisible Frame="5">true</IsVisible>
			<IsVisible Frame="6">true</IsVisible>
			<IsVisible Frame="7">true</IsVisible>
			<IsVisible Frame="8">true</IsVisible>
			<IsVisible Frame="9">true</IsVisible>
			<IsVisible Frame="10">true</IsVisible>
		</Mesh>
		<Mesh Name="Ref:Ref:upteethShape">
			<IsVisible Frame="0">true</IsVisible>
			<IsVisible Frame="1">true</IsVisible>
			<IsVisible Frame="2">true</IsVisible>
			<IsVisible Frame="3">true</IsVisible>
			<IsVisible Frame="4">true</IsVisible>
			<IsVisible Frame="5">true</IsVisible>
			<IsVisible Frame="6">true</IsVisible>
			<IsVisible Frame="7">true</IsVisible>
			<IsVisible Frame="8">true</IsVisible>
			<IsVisible Frame="9">true</IsVisible>
			<IsVisible Frame="10">true</IsVisible>
		</Mesh>
		<Mesh Name="Ref:Ref:kuchiShape">
			<IsVisible Frame="0">true</IsVisible>
			<IsVisible Frame="1">true</IsVisible>
			<IsVisible Frame="2">true</IsVisible>
			<IsVisible Frame="3">true</IsVisible>
			<IsVisible Frame="4">true</IsVisible>
			<IsVisible Frame="5">true</IsVisible>
			<IsVisible Frame="6">true</IsVisible>
			<IsVisible Frame="7">true</IsVisible>
			<IsVisible Frame="8">true</IsVisible>
			<IsVisible Frame="9">true</IsVisible>
			<IsVisible Frame="10">true</IsVisible>
		</Mesh>
		<Mesh Name="Ref:Ref:lowteethShape">
			<IsVisible Frame="0">true</IsVisible>
			<IsVisible Frame="1">true</IsVisible>
			<IsVisible Frame="2">true</IsVisible>
			<IsVisible Frame="3">true</IsVisible>
			<IsVisible Frame="4">true</IsVisible>
			<IsVisible Frame="5">true</IsVisible>
			<IsVisible Frame="6">true</IsVisible>
			<IsVisible Frame="7">true</IsVisible>
			<IsVisible Frame="8">true</IsVisible>
			<IsVisible Frame="9">true</IsVisible>
			<IsVisible Frame="10">true</IsVisible>
		</Mesh>
		<Mesh Name="Ref:Ref:lowerShape">
			<IsVisible Frame="0">true</IsVisible>
			<IsVisible Frame="1">true</IsVisible>
			<IsVisible Frame="2">true</IsVisible>
			<IsVisible Frame="3">true</IsVisible>
			<IsVisible Frame="4">true</IsVisible>
			<IsVisible Frame="5">true</IsVisible>
			<IsVisible Frame="6">true</IsVisible>
			<IsVisible Frame="7">true</IsVisible>
			<IsVisible Frame="8">true</IsVisible>
			<IsVisible Frame="9">true</IsVisible>
			<IsVisible Frame="10">true</IsVisible>
		</Mesh>
		<Mesh Name="Ref:Ref:bodyShape">
			<IsVisible Frame="0">true</IsVisible>
			<IsVisible Frame="1">true</IsVisible>
			<IsVisible Frame="2">true</IsVisible>
			<IsVisible Frame="3">true</IsVisible>
			<IsVisible Frame="4">true</IsVisible>
			<IsVisible Frame="5">true</IsVisible>
			<IsVisible Frame="6">true</IsVisible>
			<IsVisible Frame="7">true</IsVisible>
			<IsVisible Frame="8">true</IsVisible>
			<IsVisible Frame="9">true</IsVisible>
			<IsVisible Frame="10">true</IsVisible>
		</Mesh>
		<Mesh Name="Ref:Ref:hair2_mdlShape">
			<IsVisible Frame="0">true</IsVisible>
			<IsVisible Frame="1">true</IsVisible>
			<IsVisible Frame="2">true</IsVisible>
			<IsVisible Frame="3">true</IsVisible>
			<IsVisible Frame="4">true</IsVisible>
			<IsVisible Frame="5">true</IsVisible>
			<IsVisible Frame="6">true</IsVisible>
			<IsVisible Frame="7">true</IsVisible>
			<IsVisible Frame="8">true</IsVisible>
			<IsVisible Frame="9">true</IsVisible>
			<IsVisible Frame="10">true</IsVisible>
		</Mesh>
	</VisibilityAnimation>
	<JointAnimation>
		<Joint Name="Ref:Ref:Waist" NeededRendering="FALSE">
			<Frame Frame="0">
				<LocalMatrix>0.000000 1.000000 0.000000 0.000000 -1.000000 0.000000 0.000000 0.000000 0.000000 0.000000 1.000000 0.000000 0.000000 76.396294 0.000000 1.000000</LocalMatrix>
				<GlobalMatrix>0.000000 1.000000 0.000000 0.000000 -1.000000 0.000000 0.000000 0.000000 0.000000 0.000000 1.000000 0.000000 0.000000 76.396294 0.000000 1.000000</GlobalMatrix>
				<LocalScale>1.000000 1.000000 1.000000</LocalScale>
				<LocalRotation>0.000000 -0.000000 1.570796</LocalRotation>
				<LocalTransform>0.000000 76.396294 0.000000</LocalTransform>
			</Frame>
			<Frame Frame="1">
				<LocalMatrix>0.000000 1.000000 0.000000 0.000000 -1.000000 0.000000 0.000000 0.000000 0.000000 0.000000 1.000000 0.000000 0.000000 76.396294 0.000000 1.000000</LocalMatrix>
				<GlobalMatrix>0.000000 1.000000 0.000000 0.000000 -1.000000 0.000000 0.000000 0.000000 0.000000 0.000000 1.000000 0.000000 0.000000 76.396294 0.000000 1.000000</GlobalMatrix>
				<LocalScale>1.000000 1.000000 1.000000</LocalScale>
				<LocalRotation>0.000000 -0.000000 1.570796</LocalRotation>
				<LocalTransform>0.000000 76.396294 0.000000</LocalTransform>
			</Frame>
			<Frame Frame="2">
				<LocalMatrix>0.000000 1.000000 0.000000 0.000000 -1.000000 0.000000 0.000000 0.000000 0.000000 0.000000 1.000000 0.000000 0.000000 76.396294 0.000000 1.000000</LocalMatrix>
				<GlobalMatrix>0.000000 1.000000 0.000000 0.000000 -1.000000 0.000000 0.000000 0.000000 0.000000 0.000000 1.000000 0.000000 0.000000 76.396294 0.000000 1.000000</GlobalMatrix>
				<LocalScale>1.000000 1.000000 1.000000</LocalScale>
				<LocalRotation>0.000000 -0.000000 1.570796</LocalRotation>
				<LocalTransform>0.000000 76.396294 0.000000</LocalTransform>
			</Frame>
			<Frame Frame="3">
				<LocalMatrix>0.000000 1.000000 0.000000 0.000000 -1.000000 0.000000 0.000000 0.000000 0.000000 0.000000 1.000000 0.000000 0.000000 76.396294 0.000000 1.000000</LocalMatrix>
				<GlobalMatrix>0.000000 1.000000 0.000000 0.000000 -1.000000 0.000000 0.000000 0.000000 0.000000 0.000000 1.000000 0.000000 0.000000 76.396294 0.000000 1.000000</GlobalMatrix>
				<LocalScale>1.000000 1.000000 1.000000</LocalScale>
				<LocalRotation>0.000000 -0.000000 1.570796</LocalRotation>
				<LocalTransform>0.000000 76.396294 0.000000</LocalTransform>
			</Frame>
			<Frame Frame="4">
				<LocalMatrix>0.000000 1.000000 0.000000 0.000000 -1.000000 0.000000 0.000000 0.000000 0.000000 0.000000 1.000000 0.000000 0.000000 76.396294 0.000000 1.000000</LocalMatrix>
				<GlobalMatrix>0.000000 1.000000 0.000000 0.000000 -1.000000 0.000000 0.000000 0.000000 0.000000 0.000000 1.000000 0.000000 0.000000 76.396294 0.000000 1.000000</GlobalMatrix>
				<LocalScale>1.000000 1.000000 1.000000</LocalScale>
				<LocalRotation>0.000000 -0.000000 1.570796</LocalRotation>
				<LocalTransform>0.000000 76.396294 0.000000</LocalTransform>
			</Frame>
			<Frame Frame="5">
				<LocalMatrix>0.000000 1.000000 0.000000 0.000000 -1.000000 0.000000 0.000000 0.000000 0.000000 0.000000 1.000000 0.000000 0.000000 76.396294 0.000000 1.000000</LocalMatrix>
				<GlobalMatrix>0.000000 1.000000 0.000000 0.000000 -1.000000 0.000000 0.000000 0.000000 0.000000 0.000000 1.000000 0.000000 0.000000 76.396294 0.000000 1.000000</GlobalMatrix>
				<LocalScale>1.000000 1.000000 1.000000</LocalScale>
				<LocalRotation>0.000000 -0.000000 1.570796</LocalRotation>
				<LocalTransform>0.000000 76.396294 0.000000</LocalTransform>
			</Frame>
			<Frame Frame="6">
				<LocalMatrix>0.000000 1.000000 0.000000 0.000000 -1.000000 0.000000 0.000000 0.000000 0.000000 0.000000 1.000000 0.000000 0.000000 76.396294 0.000000 1.000000</LocalMatrix>
				<GlobalMatrix>0.000000 1.000000 0.000000 0.000000 -1.000000 0.000000 0.000000 0.000000 0.000000 0.000000 1.000000 0.000000 0.000000 76.396294 0.000000 1.000000</GlobalMatrix>
				<LocalScale>1.000000 1.000000 1.000000</LocalScale>
				<LocalRotation>0.000000 -0.000000 1.570796</LocalRotation>
				<LocalTransform>0.000000 76.396294 0.000000</LocalTransform>
			</Frame>
			<Frame Frame="7">
				<LocalMatrix>0.000000 1.000000 0.000000 0.000000 -1.000000 0.000000 0.000000 0.000000 0.000000 0.000000 1.000000 0.000000 0.000000 76.396294 0.000000 1.000000</LocalMatrix>
				<GlobalMatrix>0.000000 1.000000 0.000000 0.000000 -1.000000 0.000000 0.000000 0.000000 0.000000 0.000000 1.000000 0.000000 0.000000 76.396294 0.000000 1.000000</GlobalMatrix>
				<LocalScale>1.000000 1.000000 1.000000</LocalScale>
				<LocalRotation>0.000000 -0.000000 1.570796</LocalRotation>
				<LocalTransform>0.000000 76.396294 0.000000</LocalTransform>
			</Frame>
			<Frame Frame="8">
				<LocalMatrix>0.000000 1.000000 0.000000 0.000000 -1.000000 0.000000 0.000000 0.000000 0.000000 0.000000 1.000000 0.000000 0.000000 76.396294 0.000000 1.000000</LocalMatrix>
				<GlobalMatrix>0.000000 1.000000 0.000000 0.000000 -1.000000 0.000000 0.000000 0.000000 0.000000 0.000000 1.000000 0.000000 0.000000 76.396294 0.000000 1.000000</GlobalMatrix>
				<LocalScale>1.000000 1.000000 1.000000</LocalScale>
				<LocalRotation>0.000000 -0.000000 1.570796</LocalRotation>
				<LocalTransform>0.000000 76.396294 0.000000</LocalTransform>
			</Frame>
			<Frame Frame="9">
				<LocalMatrix>0.000000 1.000000 0.000000 0.000000 -1.000000 0.000000 0.000000 0.000000 0.000000 0.000000 1.000000 0.000000 0.000000 76.396294 0.000000 1.000000</LocalMatrix>
				<GlobalMatrix>0.000000 1.000000 0.000000 0.000000 -1.000000 0.000000 0.000000 0.000000 0.000000 0.000000 1.000000 0.000000 0.000000 76.396294 0.000000 1.000000</GlobalMatrix>
				<LocalScale>1.000000 1.000000 1.000000</LocalScale>
				<LocalRotation>0.000000 -0.000000 1.570796</LocalRotation>
				<LocalTransform>0.000000 76.396294 0.000000</LocalTransform>
			</Frame>
			<Frame Frame="10">
				<LocalMatrix>0.000000 1.000000 0.000000 0.000000 -1.000000 0.000000 0.000000 0.000000 0.000000 0.000000 1.000000 0.000000 0.000000 76.396294 0.000000 1.000000</LocalMatrix>
				<GlobalMatrix>0.000000 1.000000 0.000000 0.000000 -1.000000 0.000000 0.000000 0.000000 0.000000 0.000000 1.000000 0.000000 0.000000 76.396294 0.000000 1.000000</GlobalMatrix>
				<LocalScale>1.000000 1.000000 1.000000</LocalScale>
				<LocalRotation>0.000000 -0.000000 1.570796</LocalRotation>
				<LocalTransform>0.000000 76.396294 0.000000</LocalTransform>
			</Frame>
		</Joint>
		<Joint Name="Ref:Ref:Spine1" ParentName="Ref:Ref:Waist" NeededRendering="TRUE">
			<Frame Frame="0">
				<LocalMatrix>1.000000 0.000000 0.000000 0.000000 0.000000 1.000000 0.000000 0.000000 0.000000 0.000000 1.000000 0.000000 2.263613 0.000000 0.000000 1.000000</LocalMatrix>
				<GlobalMatrix>0.000000 1.000000 0.000000 0.000000 -1.000000 0.000000 0.000000 0.000000 0.000000 0.000000 1.000000 0.000000 -0.000000 78.659904 0.000000 1.000000</GlobalMatrix>
				<LocalScale>1.000000 1.000000 1.000000</LocalScale>
				<LocalRotation>0.000000 -0.000000 0.000000</LocalRotation>
				<LocalTransform>2.263613 0.000000 0.000000</LocalTransform>
			</Frame>
			<Frame Frame="1">
				<LocalMatrix>1.000000 0.000000 0.000000 0.000000 0.000000 1.000000 0.000000 0.000000 0.000000 0.000000 1.000000 0.000000 2.263613 0.000000 0.000000 1.000000</LocalMatrix>
				<GlobalMatrix>0.000000 1.000000 0.000000 0.000000 -1.000000 0.000000 0.000000 0.000000 0.000000 0.000000 1.000000 0.000000 -0.000000 78.659904 0.000000 1.000000</GlobalMatrix>
				<LocalScale>1.000000 1.000000 1.000000</LocalScale>
				<LocalRotation>0.000000 -0.000000 0.000000</LocalRotation>
				<LocalTransform>2.263613 0.000000 0.000000</LocalTransform>
			</Frame>
			<Frame Frame="2">
				<LocalMatrix>1.000000 0.000000 0.000000 0.000000 0.000000 1.000000 0.000000 0.000000 0.000000 0.000000 1.000000 0.000000 2.263613 0.000000 0.000000 1.000000</LocalMatrix>
				<GlobalMatrix>0.000000 1.000000 0.000000 0.000000 -1.000000 0.000000 0.000000 0.000000 0.000000 0.000000 1.000000 0.000000 -0.000000 78.659904 0.000000 1.000000</GlobalMatrix>
				<LocalScale>1.000000 1.000000 1.000000</LocalScale>
				<LocalRotation>0.000000 -0.000000 0.000000</LocalRotation>
				<LocalTransform>2.263613 0.000000 0.000000</LocalTransform>
			</Frame>
			<Frame Frame="3">
				<LocalMatrix>1.000000 0.000000 0.000000 0.000000 0.000000 1.000000 0.000000 0.000000 0.000000 0.000000 1.000000 0.000000 2.263613 0.000000 0.000000 1.000000</LocalMatrix>
				<GlobalMatrix>0.000000 1.000000 0.000000 0.000000 -1.000000 0.000000 0.000000 0.000000 0.000000 0.000000 1.000000 0.000000 -0.000000 78.659904 0.000000 1.000000</GlobalMatrix>
				<LocalScale>1.000000 1.000000 1.000000</LocalScale>
				<LocalRotation>0.000000 -0.000000 0.000000</LocalRotation>
				<LocalTransform>2.263613 0.000000 0.000000</LocalTransform>
			</Frame>
			<Frame Frame="4">
				<LocalMatrix>1.000000 0.000000 0.000000 0.000000 0.000000 1.000000 0.000000 0.000000 0.000000 0.000000 1.000000 0.000000 2.263613 0.000000 0.000000 1.000000</LocalMatrix>
				<GlobalMatrix>0.000000 1.000000 0.000000 0.000000 -1.000000 0.000000 0.000000 0.000000 0.000000 0.000000 1.000000 0.000000 -0.000000 78.659904 0.000000 1.000000</GlobalMatrix>
				<LocalScale>1.000000 1.000000 1.000000</LocalScale>
				<LocalRotation>0.000000 -0.000000 0.000000</LocalRotation>
				<LocalTransform>2.263613 0.000000 0.000000</LocalTransform>
			</Frame>
			<Frame Frame="5">
				<LocalMatrix>1.000000 0.000000 0.000000 0.000000 0.000000 1.000000 0.000000 0.000000 0.000000 0.000000 1.000000 0.000000 2.263613 0.000000 0.000000 1.000000</LocalMatrix>
				<GlobalMatrix>0.000000 1.000000 0.000000 0.000000 -1.000000 0.000000 0.000000 0.000000 0.000000 0.000000 1.000000 0.000000 -0.000000 78.659904 0.000000 1.000000</GlobalMatrix>
				<LocalScale>1.000000 1.000000 1.000000</LocalScale>
				<LocalRotation>0.000000 -0.000000 0.000000</LocalRotation>
				<LocalTransform>2.263613 0.000000 0.000000</LocalTransform>
			</Frame>
			<Frame Frame="6">
				<LocalMatrix>1.000000 0.000000 0.000000 0.000000 0.000000 1.000000 0.000000 0.000000 0.000000 0.000000 1.000000 0.000000 2.263613 0.000000 0.000000 1.000000</LocalMatrix>
				<GlobalMatrix>0.000000 1.000000 0.000000 0.000000 -1.000000 0.000000 0.000000 0.000000 0.000000 0.000000 1.000000 0.000000 -0.000000 78.659904 0.000000 1.000000</GlobalMatrix>
				<LocalScale>1.000000 1.000000 1.000000</LocalScale>
				<LocalRotation>0.000000 -0.000000 0.000000</LocalRotation>
				<LocalTransform>2.263613 0.000000 0.000000</LocalTransform>
			</Frame>
			<Frame Frame="7">
				<LocalMatrix>1.000000 0.000000 0.000000 0.000000 0.000000 1.000000 0.000000 0.000000 0.000000 0.000000 1.000000 0.000000 2.263613 0.000000 0.000000 1.000000</LocalMatrix>
				<GlobalMatrix>0.000000 1.000000 0.000000 0.000000 -1.000000 0.000000 0.000000 0.000000 0.000000 0.000000 1.000000 0.000000 -0.000000 78.659904 0.000000 1.000000</GlobalMatrix>
				<LocalScale>1.000000 1.000000 1.000000</LocalScale>
				<LocalRotation>0.000000 -0.000000 0.000000</LocalRotation>
				<LocalTransform>2.263613 0.000000 0.000000</LocalTransform>
			</Frame>
			<Frame Frame="8">
				<LocalMatrix>1.000000 0.000000 0.000000 0.000000 0.000000 1.000000 0.000000 0.000000 0.000000 0.000000 1.000000 0.000000 2.263613 0.000000 0.000000 1.000000</LocalMatrix>
				<GlobalMatrix>0.000000 1.000000 0.000000 0.000000 -1.000000 0.000000 0.000000 0.000000 0.000000 0.000000 1.000000 0.000000 -0.000000 78.659904 0.000000 1.000000</GlobalMatrix>
				<LocalScale>1.000000 1.000000 1.000000</LocalScale>
				<LocalRotation>0.000000 -0.000000 0.000000</LocalRotation>
				<LocalTransform>2.263613 0.000000 0.000000</LocalTransform>
			</Frame>
			<Frame Frame="9">
				<LocalMatrix>1.000000 0.000000 0.000000 0.000000 0.000000 1.000000 0.000000 0.000000 0.000000 0.000000 1.000000 0.000000 2.263613 0.000000 0.000000 1.000000</LocalMatrix>
				<GlobalMatrix>0.000000 1.000000 0.000000 0.000000 -1.000000 0.000000 0.000000 0.000000 0.000000 0.000000 1.000000 0.000000 -0.000000 78.659904 0.000000 1.000000</GlobalMatrix>
				<LocalScale>1.000000 1.000000 1.000000</LocalScale>
				<LocalRotation>0.000000 -0.000000 0.000000</LocalRotation>
				<LocalTransform>2.263613 0.000000 0.000000</LocalTransform>
			</Frame>
			<Frame Frame="10">
				<LocalMatrix>1.000000 0.000000 0.000000 0.000000 0.000000 1.000000 0.000000 0.000000 0.000000 0.000000 1.000000 0.000000 2.263613 0.000000 0.000000 1.000000</LocalMatrix>
				<GlobalMatrix>0.000000 1.000000 0.000000 0.000000 -1.000000 0.000000 0.000000 0.000000 0.000000 0.000000 1.000000 0.000000 -0.000000 78.659904 0.000000 1.000000</GlobalMatrix>
				<LocalScale>1.000000 1.000000 1.000000</LocalScale>
				<LocalRotation>0.000000 -0.000000 0.000000</LocalRotation>
				<LocalTransform>2.263613 0.000000 0.000000</LocalTransform>
			</Frame>
		</Joint>
		<Joint Name="Ref:Ref:Spine2" ParentName="Ref:Ref:Spine1" NeededRendering="TRUE">
			<Frame Frame="0">
				<LocalMatrix>0.999700 0.000000 -0.024490 0.000000 0.000000 1.000000 0.000000 0.000000 0.024490 0.000000 0.999700 0.000000 13.256238 0.000000 0.000000 1.000000</LocalMatrix>
				<GlobalMatrix>0.000000 0.999700 -0.024490 0.000000 -1.000000 0.000000 0.000000 0.000000 0.000000 0.024490 0.999700 0.000000 0.000000 91.916145 0.000000 1.000000</GlobalMatrix>
				<LocalScale>1.000000 1.000000 1.000000</LocalScale>
				<LocalRotation>0.000000 0.024493 0.000000</LocalRotation>
				<LocalTransform>13.256238 0.000000 0.000000</LocalTransform>
			</Frame>
			<Frame Frame="1">
				<LocalMatrix>0.999700 0.000000 -0.024490 0.000000 0.000000 1.000000 0.000000 0.000000 0.024490 0.000000 0.999700 0.000000 13.256238 0.000000 0.000000 1.000000</LocalMatrix>
				<GlobalMatrix>0.000000 0.999700 -0.024490 0.000000 -1.000000 0.000000 0.000000 0.000000 0.000000 0.024490 0.999700 0.000000 0.000000 91.916145 0.000000 1.000000</GlobalMatrix>
				<LocalScale>1.000000 1.000000 1.000000</LocalScale>
				<LocalRotation>0.000000 0.024493 0.000000</LocalRotation>
				<LocalTransform>13.256238 0.000000 0.000000</LocalTransform>
			</Frame>
			<Frame Frame="2">
				<LocalMatrix>0.999700 0.000000 -0.024490 0.000000 0.000000 1.000000 0.000000 0.000000 0.024490 0.000000 0.999700 0.000000 13.256238 0.000000 0.000000 1.000000</LocalMatrix>
				<GlobalMatrix>0.000000 0.999700 -0.024490 0.000000 -1.000000 0.000000 0.000000 0.000000 0.000000 0.024490 0.999700 0.000000 0.000000 91.916145 0.000000 1.000000</GlobalMatrix>
				<LocalScale>1.000000 1.000000 1.000000</LocalScale>
				<LocalRotation>0.000000 0.024493 0.000000</LocalRotation>
				<LocalTransform>13.256238 0.000000 0.000000</LocalTransform>
			</Frame>
			<Frame Frame="3">
				<LocalMatrix>0.999700 0.000000 -0.024490 0.000000 0.000000 1.000000 0.000000 0.000000 0.024490 0.000000 0.999700 0.000000 13.256238 0.000000 0.000000 1.000000</LocalMatrix>
				<GlobalMatrix>0.000000 0.999700 -0.024490 0.000000 -1.000000 0.000000 0.000000 0.000000 0.000000 0.024490 0.999700 0.000000 0.000000 91.916145 0.000000 1.000000</GlobalMatrix>
				<LocalScale>1.000000 1.000000 1.000000</LocalScale>
				<LocalRotation>0.000000 0.024493 0.000000</LocalRotation>
				<LocalTransform>13.256238 0.000000 0.000000</LocalTransform>
			</Frame>
			<Frame Frame="4">
				<LocalMatrix>0.999700 0.000000 -0.024490 0.000000 0.000000 1.000000 0.000000 0.000000 0.024490 0.000000 0.999700 0.000000 13.256238 0.000000 0.000000 1.000000</LocalMatrix>
				<GlobalMatrix>0.000000 0.999700 -0.024490 0.000000 -1.000000 0.000000 0.000000 0.000000 0.000000 0.024490 0.999700 0.000000 0.000000 91.916145 0.000000 1.000000</GlobalMatrix>
				<LocalScale>1.000000 1.000000 1.000000</LocalScale>
				<LocalRotation>0.000000 0.024493 0.000000</LocalRotation>
				<LocalTransform>13.256238 0.000000 0.000000</LocalTransform>
			</Frame>
			<Frame Frame="5">
				<LocalMatrix>0.999700 0.000000 -0.024490 0.000000 0.000000 1.000000 0.000000 0.000000 0.024490 0.000000 0.999700 0.000000 13.256238 0.000000 0.000000 1.000000</LocalMatrix>
				<GlobalMatrix>0.000000 0.999700 -0.024490 0.000000 -1.000000 0.000000 0.000000 0.000000 0.000000 0.024490 0.999700 0.000000 0.000000 91.916145 0.000000 1.000000</GlobalMatrix>
				<LocalScale>1.000000 1.000000 1.000000</LocalScale>
				<LocalRotation>0.000000 0.024493 0.000000</LocalRotation>
				<LocalTransform>13.256238 0.000000 0.000000</LocalTransform>
			</Frame>
			<Frame Frame="6">
				<LocalMatrix>0.999700 0.000000 -0.024490 0.000000 0.000000 1.000000 0.000000 0.000000 0.024490 0.000000 0.999700 0.000000 13.256238 0.000000 0.000000 1.000000</LocalMatrix>
				<GlobalMatrix>0.000000 0.999700 -0.024490 0.000000 -1.000000 0.000000 0.000000 0.000000 0.000000 0.024490 0.999700 0.000000 0.000000 91.916145 0.000000 1.000000</GlobalMatrix>
				<LocalScale>1.000000 1.000000 1.000000</LocalScale>
				<LocalRotation>0.000000 0.024493 0.000000</LocalRotation>
				<LocalTransform>13.256238 0.000000 0.000000</LocalTransform>
			</Frame>
			<Frame Frame="7">
				<LocalMatrix>0.999700 0.000000 -0.024490 0.000000 0.000000 1.000000 0.000000 0.000000 0.024490 0.000000 0.999700 0.000000 13.256238 0.000000 0.000000 1.000000</LocalMatrix>
				<GlobalMatrix>0.000000 0.999700 -0.024490 0.000000 -1.000000 0.000000 0.000000 0.000000 0.000000 0.024490 0.999700 0.000000 0.000000 91.916145 0.000000 1.000000</GlobalMatrix>
				<LocalScale>1.000000 1.000000 1.000000</LocalScale>
				<LocalRotation>0.000000 0.024493 0.000000</LocalRotation>
				<LocalTransform>13.256238 0.000000 0.000000</LocalTransform>
			</Frame>
			<Frame Frame="8">
				<LocalMatrix>0.999700 0.000000 -0.024490 0.000000 0.000000 1.000000 0.000000 0.000000 0.024490 0.000000 0.999700 0.000000 13.256238 0.000000 0.000000 1.000000</LocalMatrix>
				<GlobalMatrix>0.000000 0.999700 -0.024490 0.000000 -1.000000 0.000000 0.000000 0.000000 0.000000 0.024490 0.999700 0.000000 0.000000 91.916145 0.000000 1.000000</GlobalMatrix>
				<LocalScale>1.000000 1.000000 1.000000</LocalScale>
				<LocalRotation>0.000000 0.024493 0.000000</LocalRotation>
				<LocalTransform>13.256238 0.000000 0.000000</LocalTransform>
			</Frame>
			<Frame Frame="9">
				<LocalMatrix>0.999700 0.000000 -0.024490 0.000000 0.000000 1.000000 0.000000 0.000000 0.024490 0.000000 0.999700 0.000000 13.256238 0.000000 0.000000 1.000000</LocalMatrix>
				<GlobalMatrix>0.000000 0.999700 -0.024490 0.000000 -1.000000 0.000000 0.000000 0.000000 0.000000 0.024490 0.999700 0.000000 0.000000 91.916145 0.000000 1.000000</GlobalMatrix>
				<LocalScale>1.000000 1.000000 1.000000</LocalScale>
				<LocalRotation>0.000000 0.024493 0.000000</LocalRotation>
				<LocalTransform>13.256238 0.000000 0.000000</LocalTransform>
			</Frame>
			<Frame Frame="10">
				<LocalMatrix>0.999700 0.000000 -0.024490 0.000000 0.000000 1.000000 0.000000 0.000000 0.024490 0.000000 0.999700 0.000000 13.256238 0.000000 0.000000 1.000000</LocalMatrix>
				<GlobalMatrix>0.000000 0.999700 -0.024490 0.000000 -1.000000 0.000000 0.000000 0.000000 0.000000 0.024490 0.999700 0.000000 0.000000 91.916145 0.000000 1.000000</GlobalMatrix>
				<LocalScale>1.000000 1.000000 1.000000</LocalScale>
				<LocalRotation>0.000000 0.024493 0.000000</LocalRotation>
				<LocalTransform>13.256238 0.000000 0.000000</LocalTransform>
			</Frame>
		</Joint>
		<Joint Name="Ref:Ref:Spine3" ParentName="Ref:Ref:Spine2" NeededRendering="TRUE">
			<Frame Frame="0">
				<LocalMatrix>0.996970 0.000000 -0.077793 0.000000 0.000000 1.000000 0.000000 0.000000 0.077793 0.000000 0.996970 0.000000 13.849249 0.000000 0.000000 1.000000</LocalMatrix>
				<GlobalMatrix>0.000000 0.994765 -0.102186 0.000000 -1.000000 0.000000 0.000000 0.000000 0.000000 0.102186 0.994765 0.000000 -0.000000 105.761238 -0.339171 1.000000</GlobalMatrix>
				<LocalScale>1.000000 1.000000 1.000000</LocalScale>
				<LocalRotation>0.000000 0.077872 0.000000</LocalRotation>
				<LocalTransform>13.849249 0.000000 0.000000</LocalTransform>
			</Frame>
			<Frame Frame="1">
				<LocalMatrix>0.996970 0.000000 -0.077793 0.000000 0.000000 1.000000 0.000000 0.000000 0.077793 0.000000 0.996970 0.000000 13.849249 0.000000 0.000000 1.000000</LocalMatrix>
				<GlobalMatrix>0.000000 0.994765 -0.102186 0.000000 -1.000000 0.000000 0.000000 0.000000 0.000000 0.102186 0.994765 0.000000 -0.000000 105.761238 -0.339171 1.000000</GlobalMatrix>
				<LocalScale>1.000000 1.000000 1.000000</LocalScale>
				<LocalRotation>0.000000 0.077872 0.000000</LocalRotation>
				<LocalTransform>13.849249 0.000000 0.000000</LocalTransform>
			</Frame>
			<Frame Frame="2">
				<LocalMatrix>0.996970 0.000000 -0.077793 0.000000 0.000000 1.000000 0.000000 0.000000 0.077793 0.000000 0.996970 0.000000 13.849249 0.000000 0.000000 1.000000</LocalMatrix>
				<GlobalMatrix>0.000000 0.994765 -0.102186 0.000000 -1.000000 0.000000 0.000000 0.000000 0.000000 0.102186 0.994765 0.000000 -0.000000 105.761238 -0.339171 1.000000</GlobalMatrix>
				<LocalScale>1.000000 1.000000 1.000000</LocalScale>
				<LocalRotation>0.000000 0.077872 0.000000</LocalRotation>
				<LocalTransform>13.849249 0.000000 0.000000</LocalTransform>
			</Frame>
			<Frame Frame="3">
				<LocalMatrix>0.996970 0.000000 -0.077793 0.000000 0.000000 1.000000 0.000000 0.000000 0.077793 0.000000 0.996970 0.000000 13.849249 0.000000 0.000000 1.000000</LocalMatrix>
				<GlobalMatrix>0.000000 0.994765 -0.102186 0.000000 -1.000000 0.000000 0.000000 0.000000 0.000000 0.102186 0.994765 0.000000 -0.000000 105.761238 -0.339171 1.000000</GlobalMatrix>
				<LocalScale>1.000000 1.000000 1.000000</LocalScale>
				<LocalRotation>0.000000 0.077872 0.000000</LocalRotation>
				<LocalTransform>13.849249 0.000000 0.000000</LocalTransform>
			</Frame>
			<Frame Frame="4">
				<LocalMatrix>0.996970 0.000000 -0.077793 0.000000 0.000000 1.000000 0.000000 0.000000 0.077793 0.000000 0.996970 0.000000 13.849249 0.000000 0.000000 1.000000</LocalMatrix>
				<GlobalMatrix>0.000000 0.994765 -0.102186 0.000000 -1.000000 0.000000 0.000000 0.000000 0.000000 0.102186 0.994765 0.000000 -0.000000 105.761238 -0.339171 1.000000</GlobalMatrix>
				<LocalScale>1.000000 1.000000 1.000000</LocalScale>
				<LocalRotation>0.000000 0.077872 0.000000</LocalRotation>
				<LocalTransform>13.849249 0.000000 0.000000</LocalTransform>
			</Frame>
			<Frame Frame="5">
				<LocalMatrix>0.996970 0.000000 -0.077793 0.000000 0.000000 1.000000 0.000000 0.000000 0.077793 0.000000 0.996970 0.000000 13.849249 0.000000 0.000000 1.000000</LocalMatrix>
				<GlobalMatrix>0.000000 0.994765 -0.102186 0.000000 -1.000000 0.000000 0.000000 0.000000 0.000000 0.102186 0.994765 0.000000 -0.000000 105.761238 -0.339171 1.000000</GlobalMatrix>
				<LocalScale>1.000000 1.000000 1.000000</LocalScale>
				<LocalRotation>0.000000 0.077872 0.000000</LocalRotation>
				<LocalTransform>13.849249 0.000000 0.000000</LocalTransform>
			</Frame>
			<Frame Frame="6">
				<LocalMatrix>0.996970 0.000000 -0.077793 0.000000 0.000000 1.000000 0.000000 0.000000 0.077793 0.000000 0.996970 0.000000 13.849249 0.000000 0.000000 1.000000</LocalMatrix>
				<GlobalMatrix>0.000000 0.994765 -0.102186 0.000000 -1.000000 0.000000 0.000000 0.000000 0.000000 0.102186 0.994765 0.000000 -0.000000 105.761238 -0.339171 1.000000</GlobalMatrix>
				<LocalScale>1.000000 1.000000 1.000000</LocalScale>
				<LocalRotation>0.000000 0.077872 0.000000</LocalRotation>
				<LocalTransform>13.849249 0.000000 0.000000</LocalTransform>
			</Frame>
			<Frame Frame="7">
				<LocalMatrix>0.996970 0.000000 -0.077793 0.000000 0.000000 1.000000 0.000000 0.000000 0.077793 0.000000 0.996970 0.000000 13.849249 0.000000 0.000000 1.000000</LocalMatrix>
				<GlobalMatrix>0.000000 0.994765 -0.102186 0.000000 -1.000000 0.000000 0.000000 0.000000 0.000000 0.102186 0.994765 0.000000 -0.000000 105.761238 -0.339171 1.000000</GlobalMatrix>
				<LocalScale>1.000000 1.000000 1.000000</LocalScale>
				<LocalRotation>0.000000 0.077872 0.000000</LocalRotation>
				<LocalTransform>13.849249 0.000000 0.000000</LocalTransform>
			</Frame>
			<Frame Frame="8">
				<LocalMatrix>0.996970 0.000000 -0.077793 0.000000 0.000000 1.000000 0.000000 0.000000 0.077793 0.000000 0.996970 0.000000 13.849249 0.000000 0.000000 1.000000</LocalMatrix>
				<GlobalMatrix>0.000000 0.994765 -0.102186 0.000000 -1.000000 0.000000 0.000000 0.000000 0.000000 0.102186 0.994765 0.000000 -0.000000 105.761238 -0.339171 1.000000</GlobalMatrix>
				<LocalScale>1.000000 1.000000 1.000000</LocalScale>
				<LocalRotation>0.000000 0.077872 0.000000</LocalRotation>
				<LocalTransform>13.849249 0.000000 0.000000</LocalTransform>
			</Frame>
			<Frame Frame="9">
				<LocalMatrix>0.996970 0.000000 -0.077793 0.000000 0.000000 1.000000 0.000000 0.000000 0.077793 0.000000 0.996970 0.000000 13.849249 0.000000 0.000000 1.000000</LocalMatrix>
				<GlobalMatrix>0.000000 0.994765 -0.102186 0.000000 -1.000000 0.000000 0.000000 0.000000 0.000000 0.102186 0.994765 0.000000 -0.000000 105.761238 -0.339171 1.000000</GlobalMatrix>
				<LocalScale>1.000000 1.000000 1.000000</LocalScale>
				<LocalRotation>0.000000 0.077872 0.000000</LocalRotation>
				<LocalTransform>13.849249 0.000000 0.000000</LocalTransform>
			</Frame>
			<Frame Frame="10">
				<LocalMatrix>0.996970 0.000000 -0.077793 0.000000 0.000000 1.000000 0.000000 0.000000 0.077793 0.000000 0.996970 0.000000 13.849249 0.000000 0.000000 1.000000</LocalMatrix>
				<GlobalMatrix>0.000000 0.994765 -0.102186 0.000000 -1.000000 0.000000 0.000000 0.000000 0.000000 0.102186 0.994765 0.000000 -0.000000 105.761238 -0.339171 1.000000</GlobalMatrix>
				<LocalScale>1.000000 1.000000 1.000000</LocalScale>
				<LocalRotation>0.000000 0.077872 0.000000</LocalRotation>
				<LocalTransform>13.849249 0.000000 0.000000</LocalTransform>
			</Frame>
		</Joint>
		<Joint Name="Ref:Ref:Neck" ParentName="Ref:Ref:Spine3" NeededRendering="TRUE">
			<Frame Frame="0">
				<LocalMatrix>0.969706 0.000000 0.244276 0.000000 -0.000000 1.000000 0.000000 0.000000 -0.244276 -0.000000 0.969706 0.000000 30.504011 0.000000 -0.000000 1.000000</LocalMatrix>
				<GlobalMatrix>0.000000 0.989591 0.143907 0.000000 -1.000000 0.000000 0.000000 0.000000 -0.000000 -0.143907 0.989591 0.000000 0.000000 136.105576 -3.456257 1.000000</GlobalMatrix>
				<LocalScale>1.000000 1.000000 1.000000</LocalScale>
				<LocalRotation>0.000000 -0.246773 0.000000</LocalRotation>
				<LocalTransform>30.504011 0.000000 -0.000000</LocalTransform>
			</Frame>
			<Frame Frame="1">
				<LocalMatrix>0.969706 0.000000 0.244276 0.000000 -0.000000 1.000000 0.000000 0.000000 -0.244276 -0.000000 0.969706 0.000000 30.504011 0.000000 -0.000000 1.000000</LocalMatrix>
				<GlobalMatrix>0.000000 0.989591 0.143907 0.000000 -1.000000 0.000000 0.000000 0.000000 -0.000000 -0.143907 0.989591 0.000000 0.000000 136.105576 -3.456257 1.000000</GlobalMatrix>
				<LocalScale>1.000000 1.000000 1.000000</LocalScale>
				<LocalRotation>0.000000 -0.246773 0.000000</LocalRotation>
				<LocalTransform>30.504011 0.000000 -0.000000</LocalTransform>
			</Frame>
			<Frame Frame="2">
				<LocalMatrix>0.969706 0.000000 0.244276 0.000000 -0.000000 1.000000 0.000000 0.000000 -0.244276 -0.000000 0.969706 0.000000 30.504011 0.000000 -0.000000 1.000000</LocalMatrix>
				<GlobalMatrix>0.000000 0.989591 0.143907 0.000000 -1.000000 0.000000 0.000000 0.000000 -0.000000 -0.143907 0.989591 0.000000 0.000000 136.105576 -3.456257 1.000000</GlobalMatrix>
				<LocalScale>1.000000 1.000000 1.000000</LocalScale>
				<LocalRotation>0.000000 -0.246773 0.000000</LocalRotation>
				<LocalTransform>30.504011 0.000000 -0.000000</LocalTransform>
			</Frame>
			<Frame Frame="3">
				<LocalMatrix>0.969706 0.000000 0.244276 0.000000 -0.000000 1.000000 0.000000 0.000000 -0.244276 -0.000000 0.969706 0.000000 30.504011 0.000000 -0.000000 1.000000</LocalMatrix>
				<GlobalMatrix>0.000000 0.989591 0.143907 0.000000 -1.000000 0.000000 0.000000 0.000000 -0.000000 -0.143907 0.989591 0.000000 0.000000 136.105576 -3.456257 1.000000</GlobalMatrix>
				<LocalScale>1.000000 1.000000 1.000000</LocalScale>
				<LocalRotation>0.000000 -0.246773 0.000000</LocalRotation>
				<LocalTransform>30.504011 0.000000 -0.000000</LocalTransform>
			</Frame>
			<Frame Frame="4">
				<LocalMatrix>0.969706 0.000000 0.244276 0.000000 -0.000000 1.000000 0.000000 0.000000 -0.244276 -0.000000 0.969706 0.000000 30.504011 0.000000 -0.000000 1.000000</LocalMatrix>
				<GlobalMatrix>0.000000 0.989591 0.143907 0.000000 -1.000000 0.000000 0.000000 0.000000 -0.000000 -0.143907 0.989591 0.000000 0.000000 136.105576 -3.456257 1.000000</GlobalMatrix>
				<LocalScale>1.000000 1.000000 1.000000</LocalScale>
				<LocalRotation>0.000000 -0.246773 0.000000</LocalRotation>
				<LocalTransform>30.504011 0.000000 -0.000000</LocalTransform>
			</Frame>
			<Frame Frame="5">
				<LocalMatrix>0.969706 0.000000 0.244276 0.000000 -0.000000 1.000000 0.000000 0.000000 -0.244276 -0.000000 0.969706 0.000000 30.504011 0.000000 -0.000000 1.000000</LocalMatrix>
				<GlobalMatrix>0.000000 0.989591 0.143907 0.000000 -1.000000 0.000000 0.000000 0.000000 -0.000000 -0.143907 0.989591 0.000000 0.000000 136.105576 -3.456257 1.000000</GlobalMatrix>
				<LocalScale>1.000000 1.000000 1.000000</LocalScale>
				<LocalRotation>0.000000 -0.246773 0.000000</LocalRotation>
				<LocalTransform>30.504011 0.000000 -0.000000</LocalTransform>
			</Frame>
			<Frame Frame="6">
				<LocalMatrix>0.969706 0.000000 0.244276 0.000000 -0.000000 1.000000 0.000000 0.000000 -0.244276 -0.000000 0.969706 0.000000 30.504011 0.000000 -0.000000 1.000000</LocalMatrix>
				<GlobalMatrix>0.000000 0.989591 0.143907 0.000000 -1.000000 0.000000 0.000000 0.000000 -0.000000 -0.143907 0.989591 0.000000 0.000000 136.105576 -3.456257 1.000000</GlobalMatrix>
				<LocalScale>1.000000 1.000000 1.000000</LocalScale>
				<LocalRotation>0.000000 -0.246773 0.000000</LocalRotation>
				<LocalTransform>30.504011 0.000000 -0.000000</LocalTransform>
			</Frame>
			<Frame Frame="7">
				<LocalMatrix>0.969706 0.000000 0.244276 0.000000 -0.000000 1.000000 0.000000 0.000000 -0.244276 -0.000000 0.969706 0.000000 30.504011 0.000000 -0.000000 1.000000</LocalMatrix>
				<GlobalMatrix>0.000000 0.989591 0.143907 0.000000 -1.000000 0.000000 0.000000 0.000000 -0.000000 -0.143907 0.989591 0.000000 0.000000 136.105576 -3.456257 1.000000</GlobalMatrix>
				<LocalScale>1.000000 1.000000 1.000000</LocalScale>
				<LocalRotation>0.000000 -0.246773 0.000000</LocalRotation>
				<LocalTransform>30.504011 0.000000 -0.000000</LocalTransform>
			</Frame>
			<Frame Frame="8">
				<LocalMatrix>0.969706 0.000000 0.244276 0.000000 -0.000000 1.000000 0.000000 0.000000 -0.244276 -0.000000 0.969706 0.000000 30.504011 0.000000 -0.000000 1.000000</LocalMatrix>
				<GlobalMatrix>0.000000 0.989591 0.143907 0.000000 -1.000000 0.000000 0.000000 0.000000 -0.000000 -0.143907 0.989591 0.000000 0.000000 136.105576 -3.456257 1.000000</GlobalMatrix>
				<LocalScale>1.000000 1.000000 1.000000</LocalScale>
				<LocalRotation>0.000000 -0.246773 0.000000</LocalRotation>
				<LocalTransform>30.504011 0.000000 -0.000000</LocalTransform>
			</Frame>
			<Frame Frame="9">
				<LocalMatrix>0.969706 0.000000 0.244276 0.000000 -0.000000 1.000000 0.000000 0.000000 -0.244276 -0.000000 0.969706 0.000000 30.504011 0.000000 -0.000000 1.000000</LocalMatrix>
				<GlobalMatrix>0.000000 0.989591 0.143907 0.000000 -1.000000 0.000000 0.000000 0.000000 -0.000000 -0.143907 0.989591 0.000000 0.000000 136.105576 -3.456257 1.000000</GlobalMatrix>
				<LocalScale>1.000000 1.000000 1.000000</LocalScale>
				<LocalRotation>0.000000 -0.246773 0.000000</LocalRotation>
				<LocalTransform>30.504011 0.000000 -0.000000</LocalTransform>
			</Frame>
			<Frame Frame="10">
				<LocalMatrix>0.969706 0.000000 0.244276 0.000000 -0.000000 1.000000 0.000000 0.000000 -0.244276 -0.000000 0.969706 0.000000 30.504011 0.000000 -0.000000 1.000000</LocalMatrix>
				<GlobalMatrix>0.000000 0.989591 0.143907 0.000000 -1.000000 0.000000 0.000000 0.000000 -0.000000 -0.143907 0.989591 0.000000 0.000000 136.105576 -3.456257 1.000000</GlobalMatrix>
				<LocalScale>1.000000 1.000000 1.000000</LocalScale>
				<LocalRotation>0.000000 -0.246773 0.000000</LocalRotation>
				<LocalTransform>30.504011 0.000000 -0.000000</LocalTransform>
			</Frame>
		</Joint>
		<Joint Name="Ref:Ref:Head" ParentName="Ref:Ref:Neck" NeededRendering="TRUE">
			<Frame Frame="0">
				<LocalMatrix>0.989591 0.000000 -0.143907 0.000000 0.000000 1.000000 0.000000 0.000000 0.143907 0.000000 0.989591 0.000000 6.711383 0.000000 0.000000 1.000000</LocalMatrix>
				<GlobalMatrix>0.000000 1.000000 0.000000 0.000000 -1.000000 0.000000 0.000000 0.000000 -0.000000 -0.000000 1.000000 0.000000 0.000000 142.747101 -2.490440 1.000000</GlobalMatrix>
				<LocalScale>1.000000 1.000000 1.000000</LocalScale>
				<LocalRotation>0.000000 0.144409 0.000000</LocalRotation>
				<LocalTransform>6.711383 0.000000 0.000000</LocalTransform>
			</Frame>
			<Frame Frame="1">
				<LocalMatrix>0.989591 0.000000 -0.143907 0.000000 0.000000 1.000000 0.000000 0.000000 0.143907 0.000000 0.989591 0.000000 6.711383 0.000000 0.000000 1.000000</LocalMatrix>
				<GlobalMatrix>0.000000 1.000000 0.000000 0.000000 -1.000000 0.000000 0.000000 0.000000 -0.000000 -0.000000 1.000000 0.000000 0.000000 142.747101 -2.490440 1.000000</GlobalMatrix>
				<LocalScale>1.000000 1.000000 1.000000</LocalScale>
				<LocalRotation>0.000000 0.144409 0.000000</LocalRotation>
				<LocalTransform>6.711383 0.000000 0.000000</LocalTransform>
			</Frame>
			<Frame Frame="2">
				<LocalMatrix>0.989591 0.000000 -0.143907 0.000000 0.000000 1.000000 0.000000 0.000000 0.143907 0.000000 0.989591 0.000000 6.711383 0.000000 0.000000 1.000000</LocalMatrix>
