<?xml version='1.0' encoding='utf-8' ?>
<GfMotion version="0.8" FrameSize="10" CurrrentUnit="ntsc">
	<Source Path="" TargetNode="|Ref:Ref:testpreset_Dm"/>
	<ModelAABB>-172.316299 -1.815544 -74.012604 170.395737 301.607483 73.115135</ModelAABB>
	<UvAnimation/>
	<BlendShapeAnimation/>
	<VisibilityAnimation>
		<Mesh Name="Ref:Ref:hairShape">
			<IsVisible Frame="0">true</IsVisible>
			<IsVisible Frame="1">true</IsVisible>
			<IsVisible Frame="2">true</IsVisible>
			<IsVisible Frame="3">true</IsVisible>
			<IsVisible Frame="4">true</IsVisible>
			<IsVisible Frame="5">true</IsVisible>
			<IsVisible Frame="6">true</IsVisible>
			<IsVisible Frame="7">true</IsVisible>
			<IsVisible Frame="8">true</IsVisible>
			<IsVisible Frame="9">true</IsVisible>
			<IsVisible Frame="10">true</IsVisible>
		</Mesh>
		<Mesh Name="Ref:Ref:shirtShape">
			<IsVisible Frame="0">true</IsVisible>
			<IsVisible Frame="1">true</IsVisible>
			<IsVisible Frame="2">true</IsVisible>
			<IsVisible Frame="3">true</IsVisible>
			<IsVisible Frame="4">true</IsVisible>
			<IsVisible Frame="5">true</IsVisible>
			<IsVisible Frame="6">true</IsVisible>
			<IsVisible Frame="7">true</IsVisible>
			<IsVisible Frame="8">true</IsVisible>
			<IsVisible Frame="9">true</IsVisible>
			<IsVisible Frame="10">true</IsVisible>
		</Mesh>
		<Mesh Name="Ref:Ref:handShape">
			<IsVisible Frame="0">true</IsVisible>
			<IsVisible Frame="1">true</IsVisible>
			<IsVisible Frame="2">true</IsVisible>
			<IsVisible Frame="3">true</IsVisible>
			<IsVisible Frame="4">true</IsVisible>
			<IsVisible Frame="5">true</IsVisible>
			<IsVisible Frame="6">true</IsVisible>
			<IsVisible Frame="7">true</IsVisible>
			<IsVisible Frame="8">true</IsVisible>
			<IsVisible Frame="9">true</IsVisible>
			<IsVisible Frame="10">true</IsVisible>
		</Mesh>
		<Mesh Name="Ref:Ref:tokeiShape">
			<IsVisible Frame="0">true</IsVisible>
			<IsVisible Frame="1">true</IsVisible>
			<IsVisible Frame="2">true</IsVisible>
			<IsVisible Frame="3">true</IsVisible>
			<IsVisible Frame="4">true</IsVisible>
			<IsVisible Frame="5">true</IsVisible>
			<IsVisible Frame="6">true</IsVisible>
			<IsVisible Frame="7">true</IsVisible>
			<IsVisible Frame="8">true</IsVisible>
			<IsVisible Frame="9">true</IsVisible>
			<IsVisible Frame="10">true</IsVisible>
		</Mesh>
		<Mesh Name="Ref:Ref:beltShape">
			<IsVisible Frame="0">true</IsVisible>
			<IsVisible Frame="1">true</IsVisible>
			<IsVisible Frame="2">true</IsVisible>
			<IsVisible Frame="3">true</IsVisible>
			<IsVisible Frame="4">true</IsVisible>
			<IsVisible Frame="5">true</IsVisible>
			<IsVisible Frame="6">true</IsVisible>
			<IsVisible Frame="7">true</IsVisible>
			<IsVisible Frame="8">true</IsVisible>
			<IsVisible Frame="9">true</IsVisible>
			<IsVisible Frame="10">true</IsVisible>
		</Mesh>
		<Mesh Name="Ref:Ref:bottomShape">
			<IsVisible Frame="0">true</IsVisible>
			<IsVisible Frame="1">true</IsVisible>
			<IsVisible Frame="2">true</IsVisible>
			<IsVisible Frame="3">true</IsVisible>
			<IsVisible Frame="4">true</IsVisible>
			<IsVisible Frame="5">true</IsVisible>
			<IsVisible Frame="6">true</IsVisible>
			<IsVisible Frame="7">true</IsVisible>
			<IsVisible Frame="8">true</IsVisible>
			<IsVisible Frame="9">true</IsVisible>
			<IsVisible Frame="10">true</IsVisible>
		</Mesh>
		<Mesh Name="Ref:Ref:kutsuShape">
			<IsVisible Frame="0">true</IsVisible>
			<IsVisible Frame="1">true</IsVisible>
			<IsVisible Frame="2">true</IsVisible>
			<IsVisible Frame="3">true</IsVisible>
			<IsVisible Frame="4">true</IsVisible>
			<IsVisible Frame="5">true</IsVisible>
			<IsVisible Frame="6">true</IsVisible>
			<IsVisible Frame="7">true</IsVisible>
			<IsVisible Frame="8">true</IsVisible>
			<IsVisible Frame="9">true</IsVisible>
			<IsVisible Frame="10">true</IsVisible>
		</Mesh>
		<Mesh Name="Ref:Ref:faceShape">
			<IsVisible Frame="0">true</IsVisible>
			<IsVisible Frame="1">true</IsVisible>
			<IsVisible Frame="2">true</IsVisible>
			<IsVisible Frame="3">true</IsVisible>
			<IsVisible Frame="4">true</IsVisible>
			<IsVisible Frame="5">true</IsVisible>
			<IsVisible Frame="6">true</IsVisible>
			<IsVisible Frame="7">true</IsVisible>
			<IsVisible Frame="8">true</IsVisible>
			<IsVisible Frame="9">true</IsVisible>
			<IsVisible Frame="10">true</IsVisible>
		</Mesh>
		<Mesh Name="Ref:Ref:hakuiShape">
			<IsVisible Frame="0">true</IsVisible>
			<IsVisible Frame="1">true</IsVisible>
			<IsVisible Frame="2">true</IsVisible>
			<IsVisible Frame="3">true</IsVisible>
			<IsVisible Frame="4">true</IsVisible>
			<IsVisible Frame="5">true</IsVisible>
			<IsVisible Frame="6">true</IsVisible>
			<IsVisible Frame="7">true</IsVisible>
			<IsVisible Frame="8">true</IsVisible>
			<IsVisible Frame="9">true</IsVisible>
			<IsVisible Frame="10">true</IsVisible>
		</Mesh>
	</VisibilityAnimation>
	<JointAnimation>
		<Joint Name="Ref:Ref:Waist" NeededRendering="TRUE">
			<Frame Frame="0">
				<LocalMatrix>0.000000 1.000000 0.000000 0.000000 -0.999391 0.000000 -0.034899 0.000000 -0.034899 0.000000 0.999391 0.000000 -0.000000 94.932785 -0.622074 1.000000</LocalMatrix>
				<GlobalMatrix>0.000000 1.000000 0.000000 0.000000 -0.999391 0.000000 -0.034899 0.000000 -0.034899 0.000000 0.999391 0.000000 -0.000000 94.932785 -0.622074 1.000000</GlobalMatrix>
				<LocalScale>1.000000 1.000000 1.000000</LocalScale>
				<LocalRotation>-0.034907 -0.000000 1.570796</LocalRotation>
				<LocalTransform>-0.000000 94.932785 -0.622074</LocalTransform>
			</Frame>
			<Frame Frame="1">
				<LocalMatrix>0.000000 1.000000 0.000000 0.000000 -0.999391 0.000000 -0.034899 0.000000 -0.034899 0.000000 0.999391 0.000000 -0.000000 94.932785 -0.622074 1.000000</LocalMatrix>
				<GlobalMatrix>0.000000 1.000000 0.000000 0.000000 -0.999391 0.000000 -0.034899 0.000000 -0.034899 0.000000 0.999391 0.000000 -0.000000 94.932785 -0.622074 1.000000</GlobalMatrix>
				<LocalScale>1.000000 1.000000 1.000000</LocalScale>
				<LocalRotation>-0.034907 -0.000000 1.570796</LocalRotation>
				<LocalTransform>-0.000000 94.932785 -0.622074</LocalTransform>
			</Frame>
			<Frame Frame="2">
				<LocalMatrix>0.000000 1.000000 0.000000 0.000000 -0.999391 0.000000 -0.034899 0.000000 -0.034899 0.000000 0.999391 0.000000 -0.000000 94.932785 -0.622074 1.000000</LocalMatrix>
				<GlobalMatrix>0.000000 1.000000 0.000000 0.000000 -0.999391 0.000000 -0.034899 0.000000 -0.034899 0.000000 0.999391 0.000000 -0.000000 94.932785 -0.622074 1.000000</GlobalMatrix>
				<LocalScale>1.000000 1.000000 1.000000</LocalScale>
				<LocalRotation>-0.034907 -0.000000 1.570796</LocalRotation>
				<LocalTransform>-0.000000 94.932785 -0.622074</LocalTransform>
			</Frame>
			<Frame Frame="3">
				<LocalMatrix>0.000000 1.000000 0.000000 0.000000 -0.999391 0.000000 -0.034899 0.000000 -0.034899 0.000000 0.999391 0.000000 -0.000000 94.932785 -0.622074 1.000000</LocalMatrix>
				<GlobalMatrix>0.000000 1.000000 0.000000 0.000000 -0.999391 0.000000 -0.034899 0.000000 -0.034899 0.000000 0.999391 0.000000 -0.000000 94.932785 -0.622074 1.000000</GlobalMatrix>
				<LocalScale>1.000000 1.000000 1.000000</LocalScale>
				<LocalRotation>-0.034907 -0.000000 1.570796</LocalRotation>
				<LocalTransform>-0.000000 94.932785 -0.622074</LocalTransform>
			</Frame>
			<Frame Frame="4">
				<LocalMatrix>0.000000 1.000000 0.000000 0.000000 -0.999391 0.000000 -0.034899 0.000000 -0.034899 0.000000 0.999391 0.000000 -0.000000 94.932785 -0.622074 1.000000</LocalMatrix>
				<GlobalMatrix>0.000000 1.000000 0.000000 0.000000 -0.999391 0.000000 -0.034899 0.000000 -0.034899 0.000000 0.999391 0.000000 -0.000000 94.932785 -0.622074 1.000000</GlobalMatrix>
				<LocalScale>1.000000 1.000000 1.000000</LocalScale>
				<LocalRotation>-0.034907 -0.000000 1.570796</LocalRotation>
				<LocalTransform>-0.000000 94.932785 -0.622074</LocalTransform>
			</Frame>
			<Frame Frame="5">
				<LocalMatrix>0.000000 1.000000 0.000000 0.000000 -0.999391 0.000000 -0.034899 0.000000 -0.034899 0.000000 0.999391 0.000000 -0.000000 94.932785 -0.622074 1.000000</LocalMatrix>
				<GlobalMatrix>0.000000 1.000000 0.000000 0.000000 -0.999391 0.000000 -0.034899 0.000000 -0.034899 0.000000 0.999391 0.000000 -0.000000 94.932785 -0.622074 1.000000</GlobalMatrix>
				<LocalScale>1.000000 1.000000 1.000000</LocalScale>
				<LocalRotation>-0.034907 -0.000000 1.570796</LocalRotation>
				<LocalTransform>-0.000000 94.932785 -0.622074</LocalTransform>
			</Frame>
			<Frame Frame="6">
				<LocalMatrix>0.000000 1.000000 0.000000 0.000000 -0.999391 0.000000 -0.034899 0.000000 -0.034899 0.000000 0.999391 0.000000 -0.000000 94.932785 -0.622074 1.000000</LocalMatrix>
				<GlobalMatrix>0.000000 1.000000 0.000000 0.000000 -0.999391 0.000000 -0.034899 0.000000 -0.034899 0.000000 0.999391 0.000000 -0.000000 94.932785 -0.622074 1.000000</GlobalMatrix>
				<LocalScale>1.000000 1.000000 1.000000</LocalScale>
				<LocalRotation>-0.034907 -0.000000 1.570796</LocalRotation>
				<LocalTransform>-0.000000 94.932785 -0.622074</LocalTransform>
			</Frame>
			<Frame Frame="7">
				<LocalMatrix>0.000000 1.000000 0.000000 0.000000 -0.999391 0.000000 -0.034899 0.000000 -0.034899 0.000000 0.999391 0.000000 -0.000000 94.932785 -0.622074 1.000000</LocalMatrix>
				<GlobalMatrix>0.000000 1.000000 0.000000 0.000000 -0.999391 0.000000 -0.034899 0.000000 -0.034899 0.000000 0.999391 0.000000 -0.000000 94.932785 -0.622074 1.000000</GlobalMatrix>
				<LocalScale>1.000000 1.000000 1.000000</LocalScale>
				<LocalRotation>-0.034907 -0.000000 1.570796</LocalRotation>
				<LocalTransform>-0.000000 94.932785 -0.622074</LocalTransform>
			</Frame>
			<Frame Frame="8">
				<LocalMatrix>0.000000 1.000000 0.000000 0.000000 -0.999391 0.000000 -0.034899 0.000000 -0.034899 0.000000 0.999391 0.000000 -0.000000 94.932785 -0.622074 1.000000</LocalMatrix>
				<GlobalMatrix>0.000000 1.000000 0.000000 0.000000 -0.999391 0.000000 -0.034899 0.000000 -0.034899 0.000000 0.999391 0.000000 -0.000000 94.932785 -0.622074 1.000000</GlobalMatrix>
				<LocalScale>1.000000 1.000000 1.000000</LocalScale>
				<LocalRotation>-0.034907 -0.000000 1.570796</LocalRotation>
				<LocalTransform>-0.000000 94.932785 -0.622074</LocalTransform>
			</Frame>
			<Frame Frame="9">
				<LocalMatrix>0.000000 1.000000 0.000000 0.000000 -0.999391 0.000000 -0.034899 0.000000 -0.034899 0.000000 0.999391 0.000000 -0.000000 94.932785 -0.622074 1.000000</LocalMatrix>
				<GlobalMatrix>0.000000 1.000000 0.000000 0.000000 -0.999391 0.000000 -0.034899 0.000000 -0.034899 0.000000 0.999391 0.000000 -0.000000 94.932785 -0.622074 1.000000</GlobalMatrix>
				<LocalScale>1.000000 1.000000 1.000000</LocalScale>
				<LocalRotation>-0.034907 -0.000000 1.570796</LocalRotation>
				<LocalTransform>-0.000000 94.932785 -0.622074</LocalTransform>
			</Frame>
			<Frame Frame="10">
				<LocalMatrix>0.000000 1.000000 0.000000 0.000000 -0.999391 0.000000 -0.034899 0.000000 -0.034899 0.000000 0.999391 0.000000 -0.000000 94.932785 -0.622074 1.000000</LocalMatrix>
				<GlobalMatrix>0.000000 1.000000 0.000000 0.000000 -0.999391 0.000000 -0.034899 0.000000 -0.034899 0.000000 0.999391 0.000000 -0.000000 94.932785 -0.622074 1.000000</GlobalMatrix>
				<LocalScale>1.000000 1.000000 1.000000</LocalScale>
				<LocalRotation>-0.034907 -0.000000 1.570796</LocalRotation>
				<LocalTransform>-0.000000 94.932785 -0.622074</LocalTransform>
			</Frame>
		</Joint>
		<Joint Name="Ref:Ref:Spine1" ParentName="Ref:Ref:Waist" NeededRendering="TRUE">
			<Frame Frame="0">
				<LocalMatrix>1.000000 0.000000 0.000000 0.000000 0.000000 1.000000 0.000000 0.000000 0.000000 0.000000 1.000000 0.000000 2.736002 0.000000 0.000000 1.000000</LocalMatrix>
				<GlobalMatrix>0.000000 1.000000 0.000000 0.000000 -0.999391 0.000000 -0.034899 0.000000 -0.034899 0.000000 0.999391 0.000000 -0.000000 97.668785 -0.622074 1.000000</GlobalMatrix>
				<LocalScale>1.000000 1.000000 1.000000</LocalScale>
				<LocalRotation>0.000000 -0.000000 0.000000</LocalRotation>
				<LocalTransform>2.736002 0.000000 0.000000</LocalTransform>
			</Frame>
			<Frame Frame="1">
				<LocalMatrix>1.000000 0.000000 0.000000 0.000000 0.000000 1.000000 0.000000 0.000000 0.000000 0.000000 1.000000 0.000000 2.736002 0.000000 0.000000 1.000000</LocalMatrix>
				<GlobalMatrix>0.000000 1.000000 0.000000 0.000000 -0.999391 0.000000 -0.034899 0.000000 -0.034899 0.000000 0.999391 0.000000 -0.000000 97.668785 -0.622074 1.000000</GlobalMatrix>
				<LocalScale>1.000000 1.000000 1.000000</LocalScale>
				<LocalRotation>0.000000 -0.000000 0.000000</LocalRotation>
				<LocalTransform>2.736002 0.000000 0.000000</LocalTransform>
			</Frame>
			<Frame Frame="2">
				<LocalMatrix>1.000000 0.000000 0.000000 0.000000 0.000000 1.000000 0.000000 0.000000 0.000000 0.000000 1.000000 0.000000 2.736002 0.000000 0.000000 1.000000</LocalMatrix>
				<GlobalMatrix>0.000000 1.000000 0.000000 0.000000 -0.999391 0.000000 -0.034899 0.000000 -0.034899 0.000000 0.999391 0.000000 -0.000000 97.668785 -0.622074 1.000000</GlobalMatrix>
				<LocalScale>1.000000 1.000000 1.000000</LocalScale>
				<LocalRotation>0.000000 -0.000000 0.000000</LocalRotation>
				<LocalTransform>2.736002 0.000000 0.000000</LocalTransform>
			</Frame>
			<Frame Frame="3">
				<LocalMatrix>1.000000 0.000000 0.000000 0.000000 0.000000 1.000000 0.000000 0.000000 0.000000 0.000000 1.000000 0.000000 2.736002 0.000000 0.000000 1.000000</LocalMatrix>
				<GlobalMatrix>0.000000 1.000000 0.000000 0.000000 -0.999391 0.000000 -0.034899 0.000000 -0.034899 0.000000 0.999391 0.000000 -0.000000 97.668785 -0.622074 1.000000</GlobalMatrix>
				<LocalScale>1.000000 1.000000 1.000000</LocalScale>
				<LocalRotation>0.000000 -0.000000 0.000000</LocalRotation>
				<LocalTransform>2.736002 0.000000 0.000000</LocalTransform>
			</Frame>
			<Frame Frame="4">
				<LocalMatrix>1.000000 0.000000 0.000000 0.000000 0.000000 1.000000 0.000000 0.000000 0.000000 0.000000 1.000000 0.000000 2.736002 0.000000 0.000000 1.000000</LocalMatrix>
				<GlobalMatrix>0.000000 1.000000 0.000000 0.000000 -0.999391 0.000000 -0.034899 0.000000 -0.034899 0.000000 0.999391 0.000000 -0.000000 97.668785 -0.622074 1.000000</GlobalMatrix>
				<LocalScale>1.000000 1.000000 1.000000</LocalScale>
				<LocalRotation>0.000000 -0.000000 0.000000</LocalRotation>
				<LocalTransform>2.736002 0.000000 0.000000</LocalTransform>
			</Frame>
			<Frame Frame="5">
				<LocalMatrix>1.000000 0.000000 0.000000 0.000000 0.000000 1.000000 0.000000 0.000000 0.000000 0.000000 1.000000 0.000000 2.736002 0.000000 0.000000 1.000000</LocalMatrix>
				<GlobalMatrix>0.000000 1.000000 0.000000 0.000000 -0.999391 0.000000 -0.034899 0.000000 -0.034899 0.000000 0.999391 0.000000 -0.000000 97.668785 -0.622074 1.000000</GlobalMatrix>
				<LocalScale>1.000000 1.000000 1.000000</LocalScale>
				<LocalRotation>0.000000 -0.000000 0.000000</LocalRotation>
				<LocalTransform>2.736002 0.000000 0.000000</LocalTransform>
			</Frame>
			<Frame Frame="6">
				<LocalMatrix>1.000000 0.000000 0.000000 0.000000 0.000000 1.000000 0.000000 0.000000 0.000000 0.000000 1.000000 0.000000 2.736002 0.000000 0.000000 1.000000</LocalMatrix>
				<GlobalMatrix>0.000000 1.000000 0.000000 0.000000 -0.999391 0.000000 -0.034899 0.000000 -0.034899 0.000000 0.999391 0.000000 -0.000000 97.668785 -0.622074 1.000000</GlobalMatrix>
				<LocalScale>1.000000 1.000000 1.000000</LocalScale>
				<LocalRotation>0.000000 -0.000000 0.000000</LocalRotation>
				<LocalTransform>2.736002 0.000000 0.000000</LocalTransform>
			</Frame>
			<Frame Frame="7">
				<LocalMatrix>1.000000 0.000000 0.000000 0.000000 0.000000 1.000000 0.000000 0.000000 0.000000 0.000000 1.000000 0.000000 2.736002 0.000000 0.000000 1.000000</LocalMatrix>
				<GlobalMatrix>0.000000 1.000000 0.000000 0.000000 -0.999391 0.000000 -0.034899 0.000000 -0.034899 0.000000 0.999391 0.000000 -0.000000 97.668785 -0.622074 1.000000</GlobalMatrix>
				<LocalScale>1.000000 1.000000 1.000000</LocalScale>
				<LocalRotation>0.000000 -0.000000 0.000000</LocalRotation>
				<LocalTransform>2.736002 0.000000 0.000000</LocalTransform>
			</Frame>
			<Frame Frame="8">
				<LocalMatrix>1.000000 0.000000 0.000000 0.000000 0.000000 1.000000 0.000000 0.000000 0.000000 0.000000 1.000000 0.000000 2.736002 0.000000 0.000000 1.000000</LocalMatrix>
				<GlobalMatrix>0.000000 1.000000 0.000000 0.000000 -0.999391 0.000000 -0.034899 0.000000 -0.034899 0.000000 0.999391 0.000000 -0.000000 97.668785 -0.622074 1.000000</GlobalMatrix>
				<LocalScale>1.000000 1.000000 1.000000</LocalScale>
				<LocalRotation>0.000000 -0.000000 0.000000</LocalRotation>
				<LocalTransform>2.736002 0.000000 0.000000</LocalTransform>
			</Frame>
			<Frame Frame="9">
				<LocalMatrix>1.000000 0.000000 0.000000 0.000000 0.000000 1.000000 0.000000 0.000000 0.000000 0.000000 1.000000 0.000000 2.736002 0.000000 0.000000 1.000000</LocalMatrix>
				<GlobalMatrix>0.000000 1.000000 0.000000 0.000000 -0.999391 0.000000 -0.034899 0.000000 -0.034899 0.000000 0.999391 0.000000 -0.000000 97.668785 -0.622074 1.000000</GlobalMatrix>
				<LocalScale>1.000000 1.000000 1.000000</LocalScale>
				<LocalRotation>0.000000 -0.000000 0.000000</LocalRotation>
				<LocalTransform>2.736002 0.000000 0.000000</LocalTransform>
			</Frame>
			<Frame Frame="10">
				<LocalMatrix>1.000000 0.000000 0.000000 0.000000 0.000000 1.000000 0.000000 0.000000 0.000000 0.000000 1.000000 0.000000 2.736002 0.000000 0.000000 1.000000</LocalMatrix>
				<GlobalMatrix>0.000000 1.000000 0.000000 0.000000 -0.999391 0.000000 -0.034899 0.000000 -0.034899 0.000000 0.999391 0.000000 -0.000000 97.668785 -0.622074 1.000000</GlobalMatrix>
				<LocalScale>1.000000 1.000000 1.000000</LocalScale>
				<LocalRotation>0.000000 -0.000000 0.000000</LocalRotation>
				<LocalTransform>2.736002 0.000000 0.000000</LocalTransform>
			</Frame>
		</Joint>
		<Joint Name="Ref:Ref:Spine2" ParentName="Ref:Ref:Spine1" NeededRendering="TRUE">
			<Frame Frame="0">
				<LocalMatrix>0.999259 0.001343 -0.038470 0.000000 0.000000 0.999391 0.034899 0.000000 0.038494 -0.034874 0.998650 0.000000 11.856002 0.000000 0.000000 1.000000</LocalMatrix>
				<GlobalMatrix>0.000000 0.999259 -0.038494 0.000000 -1.000000 0.000000 -0.000000 0.000000 0.000000 0.038494 0.999259 0.000000 -0.000000 109.524788 -0.622074 1.000000</GlobalMatrix>
				<LocalScale>1.000000 1.000000 1.000000</LocalScale>
				<LocalRotation>0.034932 0.038480 0.001344</LocalRotation>
				<LocalTransform>11.856002 0.000000 0.000000</LocalTransform>
			</Frame>
			<Frame Frame="1">
				<LocalMatrix>0.999259 0.001343 -0.038470 0.000000 0.000000 0.999391 0.034899 0.000000 0.038494 -0.034874 0.998650 0.000000 11.856002 0.000000 0.000000 1.000000</LocalMatrix>
				<GlobalMatrix>0.000000 0.999259 -0.038494 0.000000 -1.000000 0.000000 -0.000000 0.000000 0.000000 0.038494 0.999259 0.000000 -0.000000 109.524788 -0.622074 1.000000</GlobalMatrix>
				<LocalScale>1.000000 1.000000 1.000000</LocalScale>
				<LocalRotation>0.034932 0.038480 0.001344</LocalRotation>
				<LocalTransform>11.856002 0.000000 0.000000</LocalTransform>
			</Frame>
			<Frame Frame="2">
				<LocalMatrix>0.999259 0.001343 -0.038470 0.000000 0.000000 0.999391 0.034899 0.000000 0.038494 -0.034874 0.998650 0.000000 11.856002 0.000000 0.000000 1.000000</LocalMatrix>
				<GlobalMatrix>0.000000 0.999259 -0.038494 0.000000 -1.000000 0.000000 -0.000000 0.000000 0.000000 0.038494 0.999259 0.000000 -0.000000 109.524788 -0.622074 1.000000</GlobalMatrix>
				<LocalScale>1.000000 1.000000 1.000000</LocalScale>
				<LocalRotation>0.034932 0.038480 0.001344</LocalRotation>
				<LocalTransform>11.856002 0.000000 0.000000</LocalTransform>
			</Frame>
			<Frame Frame="3">
				<LocalMatrix>0.999259 0.001343 -0.038470 0.000000 0.000000 0.999391 0.034899 0.000000 0.038494 -0.034874 0.998650 0.000000 11.856002 0.000000 0.000000 1.000000</LocalMatrix>
				<GlobalMatrix>0.000000 0.999259 -0.038494 0.000000 -1.000000 0.000000 -0.000000 0.000000 0.000000 0.038494 0.999259 0.000000 -0.000000 109.524788 -0.622074 1.000000</GlobalMatrix>
				<LocalScale>1.000000 1.000000 1.000000</LocalScale>
				<LocalRotation>0.034932 0.038480 0.001344</LocalRotation>
				<LocalTransform>11.856002 0.000000 0.000000</LocalTransform>
			</Frame>
			<Frame Frame="4">
				<LocalMatrix>0.999259 0.001343 -0.038470 0.000000 0.000000 0.999391 0.034899 0.000000 0.038494 -0.034874 0.998650 0.000000 11.856002 0.000000 0.000000 1.000000</LocalMatrix>
				<GlobalMatrix>0.000000 0.999259 -0.038494 0.000000 -1.000000 0.000000 -0.000000 0.000000 0.000000 0.038494 0.999259 0.000000 -0.000000 109.524788 -0.622074 1.000000</GlobalMatrix>
				<LocalScale>1.000000 1.000000 1.000000</LocalScale>
				<LocalRotation>0.034932 0.038480 0.001344</LocalRotation>
				<LocalTransform>11.856002 0.000000 0.000000</LocalTransform>
			</Frame>
			<Frame Frame="5">
				<LocalMatrix>0.999259 0.001343 -0.038470 0.000000 0.000000 0.999391 0.034899 0.000000 0.038494 -0.034874 0.998650 0.000000 11.856002 0.000000 0.000000 1.000000</LocalMatrix>
				<GlobalMatrix>0.000000 0.999259 -0.038494 0.000000 -1.000000 0.000000 -0.000000 0.000000 0.000000 0.038494 0.999259 0.000000 -0.000000 109.524788 -0.622074 1.000000</GlobalMatrix>
				<LocalScale>1.000000 1.000000 1.000000</LocalScale>
				<LocalRotation>0.034932 0.038480 0.001344</LocalRotation>
				<LocalTransform>11.856002 0.000000 0.000000</LocalTransform>
			</Frame>
			<Frame Frame="6">
				<LocalMatrix>0.999259 0.001343 -0.038470 0.000000 0.000000 0.999391 0.034899 0.000000 0.038494 -0.034874 0.998650 0.000000 11.856002 0.000000 0.000000 1.000000</LocalMatrix>
				<GlobalMatrix>0.000000 0.999259 -0.038494 0.000000 -1.000000 0.000000 -0.000000 0.000000 0.000000 0.038494 0.999259 0.000000 -0.000000 109.524788 -0.622074 1.000000</GlobalMatrix>
				<LocalScale>1.000000 1.000000 1.000000</LocalScale>
				<LocalRotation>0.034932 0.038480 0.001344</LocalRotation>
				<LocalTransform>11.856002 0.000000 0.000000</LocalTransform>
			</Frame>
			<Frame Frame="7">
				<LocalMatrix>0.999259 0.001343 -0.038470 0.000000 0.000000 0.999391 0.034899 0.000000 0.038494 -0.034874 0.998650 0.000000 11.856002 0.000000 0.000000 1.000000</LocalMatrix>
				<GlobalMatrix>0.000000 0.999259 -0.038494 0.000000 -1.000000 0.000000 -0.000000 0.000000 0.000000 0.038494 0.999259 0.000000 -0.000000 109.524788 -0.622074 1.000000</GlobalMatrix>
				<LocalScale>1.000000 1.000000 1.000000</LocalScale>
				<LocalRotation>0.034932 0.038480 0.001344</LocalRotation>
				<LocalTransform>11.856002 0.000000 0.000000</LocalTransform>
			</Frame>
			<Frame Frame="8">
				<LocalMatrix>0.999259 0.001343 -0.038470 0.000000 0.000000 0.999391 0.034899 0.000000 0.038494 -0.034874 0.998650 0.000000 11.856002 0.000000 0.000000 1.000000</LocalMatrix>
				<GlobalMatrix>0.000000 0.999259 -0.038494 0.000000 -1.000000 0.000000 -0.000000 0.000000 0.000000 0.038494 0.999259 0.000000 -0.000000 109.524788 -0.622074 1.000000</GlobalMatrix>
				<LocalScale>1.000000 1.000000 1.000000</LocalScale>
				<LocalRotation>0.034932 0.038480 0.001344</LocalRotation>
				<LocalTransform>11.856002 0.000000 0.000000</LocalTransform>
			</Frame>
			<Frame Frame="9">
				<LocalMatrix>0.999259 0.001343 -0.038470 0.000000 0.000000 0.999391 0.034899 0.000000 0.038494 -0.034874 0.998650 0.000000 11.856002 0.000000 0.000000 1.000000</LocalMatrix>
				<GlobalMatrix>0.000000 0.999259 -0.038494 0.000000 -1.000000 0.000000 -0.000000 0.000000 0.000000 0.038494 0.999259 0.000000 -0.000000 109.524788 -0.622074 1.000000</GlobalMatrix>
				<LocalScale>1.000000 1.000000 1.000000</LocalScale>
				<LocalRotation>0.034932 0.038480 0.001344</LocalRotation>
				<LocalTransform>11.856002 0.000000 0.000000</LocalTransform>
			</Frame>
			<Frame Frame="10">
				<LocalMatrix>0.999259 0.001343 -0.038470 0.000000 0.000000 0.999391 0.034899 0.000000 0.038494 -0.034874 0.998650 0.000000 11.856002 0.000000 0.000000 1.000000</LocalMatrix>
				<GlobalMatrix>0.000000 0.999259 -0.038494 0.000000 -1.000000 0.000000 -0.000000 0.000000 0.000000 0.038494 0.999259 0.000000 -0.000000 109.524788 -0.622074 1.000000</GlobalMatrix>
				<LocalScale>1.000000 1.000000 1.000000</LocalScale>
				<LocalRotation>0.034932 0.038480 0.001344</LocalRotation>
				<LocalTransform>11.856002 0.000000 0.000000</LocalTransform>
			</Frame>
		</Joint>
		<Joint Name="Ref:Ref:Spine3" ParentName="Ref:Ref:Spine2" NeededRendering="TRUE">
			<Frame Frame="0">
				<LocalMatrix>1.000000 0.000000 -0.000738 0.000000 0.000000 1.000000 0.000000 0.000000 0.000738 0.000000 1.000000 0.000000 11.856005 0.000000 -0.000000 1.000000</LocalMatrix>
				<GlobalMatrix>0.000000 0.999230 -0.039231 0.000000 -1.000000 0.000000 -0.000000 0.000000 0.000000 0.039231 0.999230 0.000000 -0.000000 121.372002 -1.078456 1.000000</GlobalMatrix>
				<LocalScale>1.000000 1.000000 1.000000</LocalScale>
				<LocalRotation>0.000000 0.000738 0.000000</LocalRotation>
				<LocalTransform>11.856005 0.000000 -0.000000</LocalTransform>
			</Frame>
			<Frame Frame="1">
				<LocalMatrix>1.000000 0.000000 -0.000738 0.000000 0.000000 1.000000 0.000000 0.000000 0.000738 0.000000 1.000000 0.000000 11.856005 0.000000 -0.000000 1.000000</LocalMatrix>
				<GlobalMatrix>0.000000 0.999230 -0.039231 0.000000 -1.000000 0.000000 -0.000000 0.000000 0.000000 0.039231 0.999230 0.000000 -0.000000 121.372002 -1.078456 1.000000</GlobalMatrix>
				<LocalScale>1.000000 1.000000 1.000000</LocalScale>
				<LocalRotation>0.000000 0.000738 0.000000</LocalRotation>
				<LocalTransform>11.856005 0.000000 -0.000000</LocalTransform>
			</Frame>
			<Frame Frame="2">
				<LocalMatrix>1.000000 0.000000 -0.000738 0.000000 0.000000 1.000000 0.000000 0.000000 0.000738 0.000000 1.000000 0.000000 11.856005 0.000000 -0.000000 1.000000</LocalMatrix>
				<GlobalMatrix>0.000000 0.999230 -0.039231 0.000000 -1.000000 0.000000 -0.000000 0.000000 0.000000 0.039231 0.999230 0.000000 -0.000000 121.372002 -1.078456 1.000000</GlobalMatrix>
				<LocalScale>1.000000 1.000000 1.000000</LocalScale>
				<LocalRotation>0.000000 0.000738 0.000000</LocalRotation>
				<LocalTransform>11.856005 0.000000 -0.000000</LocalTransform>
			</Frame>
			<Frame Frame="3">
				<LocalMatrix>1.000000 0.000000 -0.000738 0.000000 0.000000 1.000000 0.000000 0.000000 0.000738 0.000000 1.000000 0.000000 11.856005 0.000000 -0.000000 1.000000</LocalMatrix>
				<GlobalMatrix>0.000000 0.999230 -0.039231 0.000000 -1.000000 0.000000 -0.000000 0.000000 0.000000 0.039231 0.999230 0.000000 -0.000000 121.372002 -1.078456 1.000000</GlobalMatrix>
				<LocalScale>1.000000 1.000000 1.000000</LocalScale>
				<LocalRotation>0.000000 0.000738 0.000000</LocalRotation>
				<LocalTransform>11.856005 0.000000 -0.000000</LocalTransform>
			</Frame>
			<Frame Frame="4">
				<LocalMatrix>1.000000 0.000000 -0.000738 0.000000 0.000000 1.000000 0.000000 0.000000 0.000738 0.000000 1.000000 0.000000 11.856005 0.000000 -0.000000 1.000000</LocalMatrix>
				<GlobalMatrix>0.000000 0.999230 -0.039231 0.000000 -1.000000 0.000000 -0.000000 0.000000 0.000000 0.039231 0.999230 0.000000 -0.000000 121.372002 -1.078456 1.000000</GlobalMatrix>
				<LocalScale>1.000000 1.000000 1.000000</LocalScale>
				<LocalRotation>0.000000 0.000738 0.000000</LocalRotation>
				<LocalTransform>11.856005 0.000000 -0.000000</LocalTransform>
			</Frame>
			<Frame Frame="5">
				<LocalMatrix>1.000000 0.000000 -0.000738 0.000000 0.000000 1.000000 0.000000 0.000000 0.000738 0.000000 1.000000 0.000000 11.856005 0.000000 -0.000000 1.000000</LocalMatrix>
				<GlobalMatrix>0.000000 0.999230 -0.039231 0.000000 -1.000000 0.000000 -0.000000 0.000000 0.000000 0.039231 0.999230 0.000000 -0.000000 121.372002 -1.078456 1.000000</GlobalMatrix>
				<LocalScale>1.000000 1.000000 1.000000</LocalScale>
				<LocalRotation>0.000000 0.000738 0.000000</LocalRotation>
				<LocalTransform>11.856005 0.000000 -0.000000</LocalTransform>
			</Frame>
			<Frame Frame="6">
				<LocalMatrix>1.000000 0.000000 -0.000738 0.000000 0.000000 1.000000 0.000000 0.000000 0.000738 0.000000 1.000000 0.000000 11.856005 0.000000 -0.000000 1.000000</LocalMatrix>
				<GlobalMatrix>0.000000 0.999230 -0.039231 0.000000 -1.000000 0.000000 -0.000000 0.000000 0.000000 0.039231 0.999230 0.000000 -0.000000 121.372002 -1.078456 1.000000</GlobalMatrix>
				<LocalScale>1.000000 1.000000 1.000000</LocalScale>
				<LocalRotation>0.000000 0.000738 0.000000</LocalRotation>
				<LocalTransform>11.856005 0.000000 -0.000000</LocalTransform>
			</Frame>
			<Frame Frame="7">
				<LocalMatrix>1.000000 0.000000 -0.000738 0.000000 0.000000 1.000000 0.000000 0.000000 0.000738 0.000000 1.000000 0.000000 11.856005 0.000000 -0.000000 1.000000</LocalMatrix>
				<GlobalMatrix>0.000000 0.999230 -0.039231 0.000000 -1.000000 0.000000 -0.000000 0.000000 0.000000 0.039231 0.999230 0.000000 -0.000000 121.372002 -1.078456 1.000000</GlobalMatrix>
				<LocalScale>1.000000 1.000000 1.000000</LocalScale>
				<LocalRotation>0.000000 0.000738 0.000000</LocalRotation>
				<LocalTransform>11.856005 0.000000 -0.000000</LocalTransform>
			</Frame>
			<Frame Frame="8">
				<LocalMatrix>1.000000 0.000000 -0.000738 0.000000 0.000000 1.000000 0.000000 0.000000 0.000738 0.000000 1.000000 0.000000 11.856005 0.000000 -0.000000 1.000000</LocalMatrix>
				<GlobalMatrix>0.000000 0.999230 -0.039231 0.000000 -1.000000 0.000000 -0.000000 0.000000 0.000000 0.039231 0.999230 0.000000 -0.000000 121.372002 -1.078456 1.000000</GlobalMatrix>
				<LocalScale>1.000000 1.000000 1.000000</LocalScale>
				<LocalRotation>0.000000 0.000738 0.000000</LocalRotation>
				<LocalTransform>11.856005 0.000000 -0.000000</LocalTransform>
			</Frame>
			<Frame Frame="9">
				<LocalMatrix>1.000000 0.000000 -0.000738 0.000000 0.000000 1.000000 0.000000 0.000000 0.000738 0.000000 1.000000 0.000000 11.856005 0.000000 -0.000000 1.000000</LocalMatrix>
				<GlobalMatrix>0.000000 0.999230 -0.039231 0.000000 -1.000000 0.000000 -0.000000 0.000000 0.000000 0.039231 0.999230 0.000000 -0.000000 121.372002 -1.078456 1.000000</GlobalMatrix>
				<LocalScale>1.000000 1.000000 1.000000</LocalScale>
				<LocalRotation>0.000000 0.000738 0.000000</LocalRotation>
				<LocalTransform>11.856005 0.000000 -0.000000</LocalTransform>
			</Frame>
			<Frame Frame="10">
				<LocalMatrix>1.000000 0.000000 -0.000738 0.000000 0.000000 1.000000 0.000000 0.000000 0.000738 0.000000 1.000000 0.000000 11.856005 0.000000 -0.000000 1.000000</LocalMatrix>
				<GlobalMatrix>0.000000 0.999230 -0.039231 0.000000 -1.000000 0.000000 -0.000000 0.000000 0.000000 0.039231 0.999230 0.000000 -0.000000 121.372002 -1.078456 1.000000</GlobalMatrix>
				<LocalScale>1.000000 1.000000 1.000000</LocalScale>
				<LocalRotation>0.000000 0.000738 0.000000</LocalRotation>
				<LocalTransform>11.856005 0.000000 -0.000000</LocalTransform>
			</Frame>
		</Joint>
		<Joint Name="Ref:Ref:Neck" ParentName="Ref:Ref:Spine3" NeededRendering="TRUE">
			<Frame Frame="0">
				<LocalMatrix>0.989173 0.000000 0.146756 0.000000 -0.000000 1.000000 0.000000 0.000000 -0.146756 -0.000000 0.989173 0.000000 14.035375 0.000000 -0.000000 1.000000</LocalMatrix>
				<GlobalMatrix>0.000000 0.994169 0.107837 0.000000 -1.000000 0.000000 -0.000000 0.000000 -0.000000 -0.107837 0.994169 0.000000 -0.000000 135.396576 -1.629080 1.000000</GlobalMatrix>
				<LocalScale>1.000000 1.000000 1.000000</LocalScale>
				<LocalRotation>0.000000 -0.147288 0.000000</LocalRotation>
				<LocalTransform>14.035375 0.000000 -0.000000</LocalTransform>
			</Frame>
			<Frame Frame="1">
				<LocalMatrix>0.989173 0.000000 0.146756 0.000000 -0.000000 1.000000 0.000000 0.000000 -0.146756 -0.000000 0.989173 0.000000 14.035375 0.000000 -0.000000 1.000000</LocalMatrix>
				<GlobalMatrix>0.000000 0.994169 0.107837 0.000000 -1.000000 0.000000 -0.000000 0.000000 -0.000000 -0.107837 0.994169 0.000000 -0.000000 135.396576 -1.629080 1.000000</GlobalMatrix>
				<LocalScale>1.000000 1.000000 1.000000</LocalScale>
				<LocalRotation>0.000000 -0.147288 0.000000</LocalRotation>
				<LocalTransform>14.035375 0.000000 -0.000000</LocalTransform>
			</Frame>
			<Frame Frame="2">
				<LocalMatrix>0.989173 0.000000 0.146756 0.000000 -0.000000 1.000000 0.000000 0.000000 -0.146756 -0.000000 0.989173 0.000000 14.035375 0.000000 -0.000000 1.000000</LocalMatrix>
				<GlobalMatrix>0.000000 0.994169 0.107837 0.000000 -1.000000 0.000000 -0.000000 0.000000 -0.000000 -0.107837 0.994169 0.000000 -0.000000 135.396576 -1.629080 1.000000</GlobalMatrix>
				<LocalScale>1.000000 1.000000 1.000000</LocalScale>
				<LocalRotation>0.000000 -0.147288 0.000000</LocalRotation>
				<LocalTransform>14.035375 0.000000 -0.000000</LocalTransform>
			</Frame>
			<Frame Frame="3">
				<LocalMatrix>0.989173 0.000000 0.146756 0.000000 -0.000000 1.000000 0.000000 0.000000 -0.146756 -0.000000 0.989173 0.000000 14.035375 0.000000 -0.000000 1.000000</LocalMatrix>
				<GlobalMatrix>0.000000 0.994169 0.107837 0.000000 -1.000000 0.000000 -0.000000 0.000000 -0.000000 -0.107837 0.994169 0.000000 -0.000000 135.396576 -1.629080 1.000000</GlobalMatrix>
				<LocalScale>1.000000 1.000000 1.000000</LocalScale>
				<LocalRotation>0.000000 -0.147288 0.000000</LocalRotation>
				<LocalTransform>14.035375 0.000000 -0.000000</LocalTransform>
			</Frame>
			<Frame Frame="4">
				<LocalMatrix>0.989173 0.000000 0.146756 0.000000 -0.000000 1.000000 0.000000 0.000000 -0.146756 -0.000000 0.989173 0.000000 14.035375 0.000000 -0.000000 1.000000</LocalMatrix>
				<GlobalMatrix>0.000000 0.994169 0.107837 0.000000 -1.000000 0.000000 -0.000000 0.000000 -0.000000 -0.107837 0.994169 0.000000 -0.000000 135.396576 -1.629080 1.000000</GlobalMatrix>
				<LocalScale>1.000000 1.000000 1.000000</LocalScale>
				<LocalRotation>0.000000 -0.147288 0.000000</LocalRotation>
				<LocalTransform>14.035375 0.000000 -0.000000</LocalTransform>
			</Frame>
			<Frame Frame="5">
				<LocalMatrix>0.989173 0.000000 0.146756 0.000000 -0.000000 1.000000 0.000000 0.000000 -0.146756 -0.000000 0.989173 0.000000 14.035375 0.000000 -0.000000 1.000000</LocalMatrix>
				<GlobalMatrix>0.000000 0.994169 0.107837 0.000000 -1.000000 0.000000 -0.000000 0.000000 -0.000000 -0.107837 0.994169 0.000000 -0.000000 135.396576 -1.629080 1.000000</GlobalMatrix>
				<LocalScale>1.000000 1.000000 1.000000</LocalScale>
				<LocalRotation>0.000000 -0.147288 0.000000</LocalRotation>
				<LocalTransform>14.035375 0.000000 -0.000000</LocalTransform>
			</Frame>
			<Frame Frame="6">
				<LocalMatrix>0.989173 0.000000 0.146756 0.000000 -0.000000 1.000000 0.000000 0.000000 -0.146756 -0.000000 0.989173 0.000000 14.035375 0.000000 -0.000000 1.000000</LocalMatrix>
				<GlobalMatrix>0.000000 0.994169 0.107837 0.000000 -1.000000 0.000000 -0.000000 0.000000 -0.000000 -0.107837 0.994169 0.000000 -0.000000 135.396576 -1.629080 1.000000</GlobalMatrix>
				<LocalScale>1.000000 1.000000 1.000000</LocalScale>
				<LocalRotation>0.000000 -0.147288 0.000000</LocalRotation>
				<LocalTransform>14.035375 0.000000 -0.000000</LocalTransform>
			</Frame>
			<Frame Frame="7">
				<LocalMatrix>0.989173 0.000000 0.146756 0.000000 -0.000000 1.000000 0.000000 0.000000 -0.146756 -0.000000 0.989173 0.000000 14.035375 0.000000 -0.000000 1.000000</LocalMatrix>
				<GlobalMatrix>0.000000 0.994169 0.107837 0.000000 -1.000000 0.000000 -0.000000 0.000000 -0.000000 -0.107837 0.994169 0.000000 -0.000000 135.396576 -1.629080 1.000000</GlobalMatrix>
				<LocalScale>1.000000 1.000000 1.000000</LocalScale>
				<LocalRotation>0.000000 -0.147288 0.000000</LocalRotation>
				<LocalTransform>14.035375 0.000000 -0.000000</LocalTransform>
			</Frame>
			<Frame Frame="8">
				<LocalMatrix>0.989173 0.000000 0.146756 0.000000 -0.000000 1.000000 0.000000 0.000000 -0.146756 -0.000000 0.989173 0.000000 14.035375 0.000000 -0.000000 1.000000</LocalMatrix>
				<GlobalMatrix>0.000000 0.994169 0.107837 0.000000 -1.000000 0.000000 -0.000000 0.000000 -0.000000 -0.107837 0.994169 0.000000 -0.000000 135.396576 -1.629080 1.000000</GlobalMatrix>
				<LocalScale>1.000000 1.000000 1.000000</LocalScale>
				<LocalRotation>0.000000 -0.147288 0.000000</LocalRotation>
				<LocalTransform>14.035375 0.000000 -0.000000</LocalTransform>
			</Frame>
			<Frame Frame="9">
				<LocalMatrix>0.989173 0.000000 0.146756 0.000000 -0.000000 1.000000 0.000000 0.000000 -0.146756 -0.000000 0.989173 0.000000 14.035375 0.000000 -0.000000 1.000000</LocalMatrix>
				<GlobalMatrix>0.000000 0.994169 0.107837 0.000000 -1.000000 0.000000 -0.000000 0.000000 -0.000000 -0.107837 0.994169 0.000000 -0.000000 135.396576 -1.629080 1.000000</GlobalMatrix>
				<LocalScale>1.000000 1.000000 1.000000</LocalScale>
				<LocalRotation>0.000000 -0.147288 0.000000</LocalRotation>
				<LocalTransform>14.035375 0.000000 -0.000000</LocalTransform>
			</Frame>
			<Frame Frame="10">
				<LocalMatrix>0.989173 0.000000 0.146756 0.000000 -0.000000 1.000000 0.000000 0.000000 -0.146756 -0.000000 0.989173 0.000000 14.035375 0.000000 -0.000000 1.000000</LocalMatrix>
				<GlobalMatrix>0.000000 0.994169 0.107837 0.000000 -1.000000 0.000000 -0.000000 0.000000 -0.000000 -0.107837 0.994169 0.000000 -0.000000 135.396576 -1.629080 1.000000</GlobalMatrix>
				<LocalScale>1.000000 1.000000 1.000000</LocalScale>
				<LocalRotation>0.000000 -0.147288 0.000000</LocalRotation>
				<LocalTransform>14.035375 0.000000 -0.000000</LocalTransform>
			</Frame>
		</Joint>
		<Joint Name="Ref:Ref:Head" ParentName="Ref:Ref:Neck" NeededRendering="TRUE">
			<Frame Frame="0">
				<LocalMatrix>0.994169 0.000000 -0.107837 0.000000 0.000000 1.000000 0.000000 0.000000 0.107837 0.000000 0.994169 0.000000 9.240045 0.000000 0.000000 1.000000</LocalMatrix>
				<GlobalMatrix>0.000000 1.000000 0.000000 0.000000 -1.000000 0.000000 -0.000000 0.000000 0.000000 -0.000000 1.000000 0.000000 -0.000000 144.582733 -0.632663 1.000000</GlobalMatrix>
				<LocalScale>1.000000 1.000000 1.000000</LocalScale>
				<LocalRotation>0.000000 0.108047 0.000000</LocalRotation>
				<LocalTransform>9.240045 0.000000 0.000000</LocalTransform>
			</Frame>
			<Frame Frame="1">
				<LocalMatrix>0.994169 0.000000 -0.107837 0.000000 0.000000 1.000000 0.000000 0.000000 0.107837 0.000000 0.994169 0.000000 9.240045 0.000000 0.000000 1.000000</LocalMatrix>
				<GlobalMatrix>0.000000 1.000000 0.000000 0.000000 -1.000000 0.000000 -0.000000 0.000000 0.000000 -0.000000 1.000000 0.000000 -0.000000 144.582733 -0.632663 1.000000</GlobalMatrix>
				<LocalScale>1.000000 1.000000 1.000000</LocalScale>
				<LocalRotation>0.000000 0.108047 0.000000</LocalRotation>
				<LocalTransform>9.240045 0.000000 0.000000</LocalTransform>
			</Frame>
			<Frame Frame="2">
				<LocalMatrix>0.994169 0.000000 -0.107837 0.000000 0.000000 1.000000 0.000000 0.000000 0.107837 0.000000 0.994169 0.000000 9.240045 0.000000 0.000000 1.000000</LocalMatrix>
				<GlobalMatrix>0.000000 1.000000 0.000000 0.000000 -1.000000 0.000000 -0.000000 0.000000 0.000000 -0.000000 1.000000 0.000000 -0.000000 144.582733 -0.632663 1.000000</GlobalMatrix>
				<LocalScale>1.000000 1.000000 1.000000</LocalScale>
				<LocalRotation>0.000000 0.108047 0.000000</LocalRotation>
				<LocalTransform>9.240045 0.000000 0.000000</LocalTransform>
			</Frame>
			<Frame Frame="3">
				<LocalMatrix>0.994169 0.000000 -0.107837 0.000000 0.000000 1.000000 0.000000 0.000000 0.107837 0.000000 0.994169 0.000000 9.240045 0.000000 0.000000 1.000000</LocalMatrix>
				<GlobalMatrix>0.000000 1.000000 0.000000 0.000000 -1.000000 0.000000 -0.000000 0.000000 0.000000 -0.000000 1.000000 0.000000 -0.000000 144.582733 -0.632663 1.000000</GlobalMatrix>
				<LocalScale>1.000000 1.000000 1.000000</LocalScale>
				<LocalRotation>0.000000 0.108047 0.000000</LocalRotation>
