<?xml version='1.0' encoding='utf-8' ?>
<GfMotion version="0.9" FrameSize="8" CurrrentUnit="ntsc">
	<Source Path="C:\next\pokemon\rg\pm0016_00_poppo\scenes\move_CR\pm0016_00_ba52_run01.mb" TargetNode="|Ref:pm0016_00"/>
	<ModelAABB>-108.669853 -13.767487 -24.761711 112.673615 166.961975 157.433594</ModelAABB>
	<UvAnimation>
		<Material Name="Ref:Eye">
			<TextureSlot No="0">
				<Attribute Frame="0" ScaleU="2.000000" ScaleV="1.000000" Rotate="0.000000" TranslateU="1.000000" TranslateV="0.000000"/>
				<Attribute Frame="1" ScaleU="2.000000" ScaleV="1.000000" Rotate="0.000000" TranslateU="1.000000" TranslateV="0.000000"/>
				<Attribute Frame="2" ScaleU="2.000000" ScaleV="1.000000" Rotate="0.000000" TranslateU="1.000000" TranslateV="0.000000"/>
				<Attribute Frame="3" ScaleU="2.000000" ScaleV="1.000000" Rotate="0.000000" TranslateU="1.000000" TranslateV="0.000000"/>
				<Attribute Frame="4" ScaleU="2.000000" ScaleV="1.000000" Rotate="0.000000" TranslateU="1.000000" TranslateV="0.000000"/>
				<Attribute Frame="5" ScaleU="2.000000" ScaleV="1.000000" Rotate="0.000000" TranslateU="1.000000" TranslateV="0.000000"/>
				<Attribute Frame="6" ScaleU="2.000000" ScaleV="1.000000" Rotate="0.000000" TranslateU="1.000000" TranslateV="0.000000"/>
				<Attribute Frame="7" ScaleU="2.000000" ScaleV="1.000000" Rotate="0.000000" TranslateU="1.000000" TranslateV="0.000000"/>
				<Attribute Frame="8" ScaleU="2.000000" ScaleV="1.000000" Rotate="0.000000" TranslateU="1.000000" TranslateV="0.000000"/>
			</TextureSlot>
			<TextureSlot No="1">
				<Attribute Frame="0" ScaleU="2.000000" ScaleV="1.000000" Rotate="0.000000" TranslateU="1.000000" TranslateV="0.000000"/>
				<Attribute Frame="1" ScaleU="2.000000" ScaleV="1.000000" Rotate="0.000000" TranslateU="1.000000" TranslateV="0.000000"/>
				<Attribute Frame="2" ScaleU="2.000000" ScaleV="1.000000" Rotate="0.000000" TranslateU="1.000000" TranslateV="0.000000"/>
				<Attribute Frame="3" ScaleU="2.000000" ScaleV="1.000000" Rotate="0.000000" TranslateU="1.000000" TranslateV="0.000000"/>
				<Attribute Frame="4" ScaleU="2.000000" ScaleV="1.000000" Rotate="0.000000" TranslateU="1.000000" TranslateV="0.000000"/>
				<Attribute Frame="5" ScaleU="2.000000" ScaleV="1.000000" Rotate="0.000000" TranslateU="1.000000" TranslateV="0.000000"/>
				<Attribute Frame="6" ScaleU="2.000000" ScaleV="1.000000" Rotate="0.000000" TranslateU="1.000000" TranslateV="0.000000"/>
				<Attribute Frame="7" ScaleU="2.000000" ScaleV="1.000000" Rotate="0.000000" TranslateU="1.000000" TranslateV="0.000000"/>
				<Attribute Frame="8" ScaleU="2.000000" ScaleV="1.000000" Rotate="0.000000" TranslateU="1.000000" TranslateV="0.000000"/>
			</TextureSlot>
			<TextureSlot No="2">
				<Attribute Frame="0" ScaleU="2.000000" ScaleV="4.000000" Rotate="0.000000" TranslateU="1.750000" TranslateV="0.000000"/>
				<Attribute Frame="1" ScaleU="2.000000" ScaleV="4.000000" Rotate="0.000000" TranslateU="1.750000" TranslateV="0.000000"/>
				<Attribute Frame="2" ScaleU="2.000000" ScaleV="4.000000" Rotate="0.000000" TranslateU="1.750000" TranslateV="0.000000"/>
				<Attribute Frame="3" ScaleU="2.000000" ScaleV="4.000000" Rotate="0.000000" TranslateU="1.750000" TranslateV="0.000000"/>
				<Attribute Frame="4" ScaleU="2.000000" ScaleV="4.000000" Rotate="0.000000" TranslateU="1.750000" TranslateV="0.000000"/>
				<Attribute Frame="5" ScaleU="2.000000" ScaleV="4.000000" Rotate="0.000000" TranslateU="1.750000" TranslateV="0.000000"/>
				<Attribute Frame="6" ScaleU="2.000000" ScaleV="4.000000" Rotate="0.000000" TranslateU="1.750000" TranslateV="0.000000"/>
				<Attribute Frame="7" ScaleU="2.000000" ScaleV="4.000000" Rotate="0.000000" TranslateU="1.750000" TranslateV="0.000000"/>
				<Attribute Frame="8" ScaleU="2.000000" ScaleV="4.000000" Rotate="0.000000" TranslateU="1.750000" TranslateV="0.000000"/>
			</TextureSlot>
		</Material>
	</UvAnimation>
	<BlendShapeAnimation/>
	<VisibilityAnimation>
		<Mesh Name="Ref:pm0016_00_BodySkinShape">
			<IsVisible Frame="0">true</IsVisible>
			<IsVisible Frame="1">true</IsVisible>
			<IsVisible Frame="2">true</IsVisible>
			<IsVisible Frame="3">true</IsVisible>
			<IsVisible Frame="4">true</IsVisible>
			<IsVisible Frame="5">true</IsVisible>
			<IsVisible Frame="6">true</IsVisible>
			<IsVisible Frame="7">true</IsVisible>
			<IsVisible Frame="8">true</IsVisible>
		</Mesh>
		<Mesh Name="Ref:pm0016_00_RWingCloseSkinShape">
			<IsVisible Frame="0">false</IsVisible>
			<IsVisible Frame="1">false</IsVisible>
			<IsVisible Frame="2">false</IsVisible>
			<IsVisible Frame="3">false</IsVisible>
			<IsVisible Frame="4">false</IsVisible>
			<IsVisible Frame="5">false</IsVisible>
			<IsVisible Frame="6">false</IsVisible>
			<IsVisible Frame="7">false</IsVisible>
			<IsVisible Frame="8">false</IsVisible>
		</Mesh>
		<Mesh Name="Ref:pm0016_00_LWingCloseSkinShape">
			<IsVisible Frame="0">false</IsVisible>
			<IsVisible Frame="1">false</IsVisible>
			<IsVisible Frame="2">false</IsVisible>
			<IsVisible Frame="3">false</IsVisible>
			<IsVisible Frame="4">false</IsVisible>
			<IsVisible Frame="5">false</IsVisible>
			<IsVisible Frame="6">false</IsVisible>
			<IsVisible Frame="7">false</IsVisible>
			<IsVisible Frame="8">false</IsVisible>
		</Mesh>
	</VisibilityAnimation>
	<SkeltalAnimation>
		<Node Name="nw4c_AnimRangeCtrl" ParentName="Ref:pm0016_00" NeededRendering="FALSE" IsJoint="FALSE">
			<Frame Frame="0">
				<LocalMatrix>1.000000 0.000000 0.000000 0.000000 0.000000 1.000000 0.000000 0.000000 0.000000 0.000000 1.000000 0.000000 0.000000 0.000000 0.000000 1.000000</LocalMatrix>
				<GlobalMatrix>1.000000 0.000000 0.000000 0.000000 0.000000 1.000000 0.000000 0.000000 0.000000 0.000000 1.000000 0.000000 0.000000 0.000000 0.000000 1.000000</GlobalMatrix>
				<LocalScale>1.000000 1.000000 1.000000</LocalScale>
				<LocalRotation>0.000000 -0.000000 0.000000</LocalRotation>
				<LocalTransform>0.000000 0.000000 0.000000</LocalTransform>
			</Frame>
			<Frame Frame="1">
				<LocalMatrix>1.000000 0.000000 0.000000 0.000000 0.000000 1.000000 0.000000 0.000000 0.000000 0.000000 1.000000 0.000000 0.000000 0.000000 0.000000 1.000000</LocalMatrix>
				<GlobalMatrix>1.000000 0.000000 0.000000 0.000000 0.000000 1.000000 0.000000 0.000000 0.000000 0.000000 1.000000 0.000000 0.000000 0.000000 0.000000 1.000000</GlobalMatrix>
				<LocalScale>1.000000 1.000000 1.000000</LocalScale>
				<LocalRotation>0.000000 -0.000000 0.000000</LocalRotation>
				<LocalTransform>0.000000 0.000000 0.000000</LocalTransform>
			</Frame>
			<Frame Frame="2">
				<LocalMatrix>1.000000 0.000000 0.000000 0.000000 0.000000 1.000000 0.000000 0.000000 0.000000 0.000000 1.000000 0.000000 0.000000 0.000000 0.000000 1.000000</LocalMatrix>
				<GlobalMatrix>1.000000 0.000000 0.000000 0.000000 0.000000 1.000000 0.000000 0.000000 0.000000 0.000000 1.000000 0.000000 0.000000 0.000000 0.000000 1.000000</GlobalMatrix>
				<LocalScale>1.000000 1.000000 1.000000</LocalScale>
				<LocalRotation>0.000000 -0.000000 0.000000</LocalRotation>
				<LocalTransform>0.000000 0.000000 0.000000</LocalTransform>
			</Frame>
			<Frame Frame="3">
				<LocalMatrix>1.000000 0.000000 0.000000 0.000000 0.000000 1.000000 0.000000 0.000000 0.000000 0.000000 1.000000 0.000000 0.000000 0.000000 0.000000 1.000000</LocalMatrix>
				<GlobalMatrix>1.000000 0.000000 0.000000 0.000000 0.000000 1.000000 0.000000 0.000000 0.000000 0.000000 1.000000 0.000000 0.000000 0.000000 0.000000 1.000000</GlobalMatrix>
				<LocalScale>1.000000 1.000000 1.000000</LocalScale>
				<LocalRotation>0.000000 -0.000000 0.000000</LocalRotation>
				<LocalTransform>0.000000 0.000000 0.000000</LocalTransform>
			</Frame>
			<Frame Frame="4">
				<LocalMatrix>1.000000 0.000000 0.000000 0.000000 0.000000 1.000000 0.000000 0.000000 0.000000 0.000000 1.000000 0.000000 0.000000 0.000000 0.000000 1.000000</LocalMatrix>
				<GlobalMatrix>1.000000 0.000000 0.000000 0.000000 0.000000 1.000000 0.000000 0.000000 0.000000 0.000000 1.000000 0.000000 0.000000 0.000000 0.000000 1.000000</GlobalMatrix>
				<LocalScale>1.000000 1.000000 1.000000</LocalScale>
				<LocalRotation>0.000000 -0.000000 0.000000</LocalRotation>
				<LocalTransform>0.000000 0.000000 0.000000</LocalTransform>
			</Frame>
			<Frame Frame="5">
				<LocalMatrix>1.000000 0.000000 0.000000 0.000000 0.000000 1.000000 0.000000 0.000000 0.000000 0.000000 1.000000 0.000000 0.000000 0.000000 0.000000 1.000000</LocalMatrix>
				<GlobalMatrix>1.000000 0.000000 0.000000 0.000000 0.000000 1.000000 0.000000 0.000000 0.000000 0.000000 1.000000 0.000000 0.000000 0.000000 0.000000 1.000000</GlobalMatrix>
				<LocalScale>1.000000 1.000000 1.000000</LocalScale>
				<LocalRotation>0.000000 -0.000000 0.000000</LocalRotation>
				<LocalTransform>0.000000 0.000000 0.000000</LocalTransform>
			</Frame>
			<Frame Frame="6">
				<LocalMatrix>1.000000 0.000000 0.000000 0.000000 0.000000 1.000000 0.000000 0.000000 0.000000 0.000000 1.000000 0.000000 0.000000 0.000000 0.000000 1.000000</LocalMatrix>
				<GlobalMatrix>1.000000 0.000000 0.000000 0.000000 0.000000 1.000000 0.000000 0.000000 0.000000 0.000000 1.000000 0.000000 0.000000 0.000000 0.000000 1.000000</GlobalMatrix>
				<LocalScale>1.000000 1.000000 1.000000</LocalScale>
				<LocalRotation>0.000000 -0.000000 0.000000</LocalRotation>
				<LocalTransform>0.000000 0.000000 0.000000</LocalTransform>
			</Frame>
			<Frame Frame="7">
				<LocalMatrix>1.000000 0.000000 0.000000 0.000000 0.000000 1.000000 0.000000 0.000000 0.000000 0.000000 1.000000 0.000000 0.000000 0.000000 0.000000 1.000000</LocalMatrix>
				<GlobalMatrix>1.000000 0.000000 0.000000 0.000000 0.000000 1.000000 0.000000 0.000000 0.000000 0.000000 1.000000 0.000000 0.000000 0.000000 0.000000 1.000000</GlobalMatrix>
				<LocalScale>1.000000 1.000000 1.000000</LocalScale>
				<LocalRotation>0.000000 -0.000000 0.000000</LocalRotation>
				<LocalTransform>0.000000 0.000000 0.000000</LocalTransform>
			</Frame>
			<Frame Frame="8">
				<LocalMatrix>1.000000 0.000000 0.000000 0.000000 0.000000 1.000000 0.000000 0.000000 0.000000 0.000000 1.000000 0.000000 0.000000 0.000000 0.000000 1.000000</LocalMatrix>
				<GlobalMatrix>1.000000 0.000000 0.000000 0.000000 0.000000 1.000000 0.000000 0.000000 0.000000 0.000000 1.000000 0.000000 0.000000 0.000000 0.000000 1.000000</GlobalMatrix>
				<LocalScale>1.000000 1.000000 1.000000</LocalScale>
				<LocalRotation>0.000000 -0.000000 0.000000</LocalRotation>
				<LocalTransform>0.000000 0.000000 0.000000</LocalTransform>
			</Frame>
		</Node>
		<Node Name="Ref:pm0016_00" NeededRendering="FALSE" IsJoint="FALSE">
			<Frame Frame="0">
				<LocalMatrix>1.000000 0.000000 0.000000 0.000000 0.000000 1.000000 0.000000 0.000000 0.000000 0.000000 1.000000 0.000000 0.000000 0.000000 0.000000 1.000000</LocalMatrix>
				<GlobalMatrix>1.000000 0.000000 0.000000 0.000000 0.000000 1.000000 0.000000 0.000000 0.000000 0.000000 1.000000 0.000000 0.000000 0.000000 0.000000 1.000000</GlobalMatrix>
				<LocalScale>1.000000 1.000000 1.000000</LocalScale>
				<LocalRotation>0.000000 -0.000000 0.000000</LocalRotation>
				<LocalTransform>0.000000 0.000000 0.000000</LocalTransform>
			</Frame>
			<Frame Frame="1">
				<LocalMatrix>1.000000 0.000000 0.000000 0.000000 0.000000 1.000000 0.000000 0.000000 0.000000 0.000000 1.000000 0.000000 0.000000 0.000000 0.000000 1.000000</LocalMatrix>
				<GlobalMatrix>1.000000 0.000000 0.000000 0.000000 0.000000 1.000000 0.000000 0.000000 0.000000 0.000000 1.000000 0.000000 0.000000 0.000000 0.000000 1.000000</GlobalMatrix>
				<LocalScale>1.000000 1.000000 1.000000</LocalScale>
				<LocalRotation>0.000000 -0.000000 0.000000</LocalRotation>
				<LocalTransform>0.000000 0.000000 0.000000</LocalTransform>
			</Frame>
			<Frame Frame="2">
				<LocalMatrix>1.000000 0.000000 0.000000 0.000000 0.000000 1.000000 0.000000 0.000000 0.000000 0.000000 1.000000 0.000000 0.000000 0.000000 0.000000 1.000000</LocalMatrix>
				<GlobalMatrix>1.000000 0.000000 0.000000 0.000000 0.000000 1.000000 0.000000 0.000000 0.000000 0.000000 1.000000 0.000000 0.000000 0.000000 0.000000 1.000000</GlobalMatrix>
				<LocalScale>1.000000 1.000000 1.000000</LocalScale>
				<LocalRotation>0.000000 -0.000000 0.000000</LocalRotation>
				<LocalTransform>0.000000 0.000000 0.000000</LocalTransform>
			</Frame>
			<Frame Frame="3">
				<LocalMatrix>1.000000 0.000000 0.000000 0.000000 0.000000 1.000000 0.000000 0.000000 0.000000 0.000000 1.000000 0.000000 0.000000 0.000000 0.000000 1.000000</LocalMatrix>
				<GlobalMatrix>1.000000 0.000000 0.000000 0.000000 0.000000 1.000000 0.000000 0.000000 0.000000 0.000000 1.000000 0.000000 0.000000 0.000000 0.000000 1.000000</GlobalMatrix>
				<LocalScale>1.000000 1.000000 1.000000</LocalScale>
				<LocalRotation>0.000000 -0.000000 0.000000</LocalRotation>
				<LocalTransform>0.000000 0.000000 0.000000</LocalTransform>
			</Frame>
			<Frame Frame="4">
				<LocalMatrix>1.000000 0.000000 0.000000 0.000000 0.000000 1.000000 0.000000 0.000000 0.000000 0.000000 1.000000 0.000000 0.000000 0.000000 0.000000 1.000000</LocalMatrix>
				<GlobalMatrix>1.000000 0.000000 0.000000 0.000000 0.000000 1.000000 0.000000 0.000000 0.000000 0.000000 1.000000 0.000000 0.000000 0.000000 0.000000 1.000000</GlobalMatrix>
				<LocalScale>1.000000 1.000000 1.000000</LocalScale>
				<LocalRotation>0.000000 -0.000000 0.000000</LocalRotation>
				<LocalTransform>0.000000 0.000000 0.000000</LocalTransform>
			</Frame>
			<Frame Frame="5">
				<LocalMatrix>1.000000 0.000000 0.000000 0.000000 0.000000 1.000000 0.000000 0.000000 0.000000 0.000000 1.000000 0.000000 0.000000 0.000000 0.000000 1.000000</LocalMatrix>
				<GlobalMatrix>1.000000 0.000000 0.000000 0.000000 0.000000 1.000000 0.000000 0.000000 0.000000 0.000000 1.000000 0.000000 0.000000 0.000000 0.000000 1.000000</GlobalMatrix>
				<LocalScale>1.000000 1.000000 1.000000</LocalScale>
				<LocalRotation>0.000000 -0.000000 0.000000</LocalRotation>
				<LocalTransform>0.000000 0.000000 0.000000</LocalTransform>
			</Frame>
			<Frame Frame="6">
				<LocalMatrix>1.000000 0.000000 0.000000 0.000000 0.000000 1.000000 0.000000 0.000000 0.000000 0.000000 1.000000 0.000000 0.000000 0.000000 0.000000 1.000000</LocalMatrix>
				<GlobalMatrix>1.000000 0.000000 0.000000 0.000000 0.000000 1.000000 0.000000 0.000000 0.000000 0.000000 1.000000 0.000000 0.000000 0.000000 0.000000 1.000000</GlobalMatrix>
				<LocalScale>1.000000 1.000000 1.000000</LocalScale>
				<LocalRotation>0.000000 -0.000000 0.000000</LocalRotation>
				<LocalTransform>0.000000 0.000000 0.000000</LocalTransform>
			</Frame>
			<Frame Frame="7">
				<LocalMatrix>1.000000 0.000000 0.000000 0.000000 0.000000 1.000000 0.000000 0.000000 0.000000 0.000000 1.000000 0.000000 0.000000 0.000000 0.000000 1.000000</LocalMatrix>
				<GlobalMatrix>1.000000 0.000000 0.000000 0.000000 0.000000 1.000000 0.000000 0.000000 0.000000 0.000000 1.000000 0.000000 0.000000 0.000000 0.000000 1.000000</GlobalMatrix>
				<LocalScale>1.000000 1.000000 1.000000</LocalScale>
				<LocalRotation>0.000000 -0.000000 0.000000</LocalRotation>
				<LocalTransform>0.000000 0.000000 0.000000</LocalTransform>
			</Frame>
			<Frame Frame="8">
				<LocalMatrix>1.000000 0.000000 0.000000 0.000000 0.000000 1.000000 0.000000 0.000000 0.000000 0.000000 1.000000 0.000000 0.000000 0.000000 0.000000 1.000000</LocalMatrix>
				<GlobalMatrix>1.000000 0.000000 0.000000 0.000000 0.000000 1.000000 0.000000 0.000000 0.000000 0.000000 1.000000 0.000000 0.000000 0.000000 0.000000 1.000000</GlobalMatrix>
				<LocalScale>1.000000 1.000000 1.000000</LocalScale>
				<LocalRotation>0.000000 -0.000000 0.000000</LocalRotation>
				<LocalTransform>0.000000 0.000000 0.000000</LocalTransform>
			</Frame>
		</Node>
		<Node Name="Ref:Origin" ParentName="Ref:pm0016_00" NeededRendering="FALSE" IsJoint="FALSE">
			<Frame Frame="0">
				<LocalMatrix>1.000000 0.000000 0.000000 0.000000 0.000000 1.000000 0.000000 0.000000 0.000000 0.000000 1.000000 0.000000 0.000000 60.000000 0.000000 1.000000</LocalMatrix>
				<GlobalMatrix>1.000000 0.000000 0.000000 0.000000 0.000000 1.000000 0.000000 0.000000 0.000000 0.000000 1.000000 0.000000 0.000000 60.000000 0.000000 1.000000</GlobalMatrix>
				<LocalScale>1.000000 1.000000 1.000000</LocalScale>
				<LocalRotation>0.000000 -0.000000 0.000000</LocalRotation>
				<LocalTransform>0.000000 60.000000 0.000000</LocalTransform>
			</Frame>
			<Frame Frame="1">
				<LocalMatrix>1.000000 0.000000 0.000000 0.000000 0.000000 1.000000 0.000000 0.000000 0.000000 0.000000 1.000000 0.000000 0.000000 60.000000 14.000000 1.000000</LocalMatrix>
				<GlobalMatrix>1.000000 0.000000 0.000000 0.000000 0.000000 1.000000 0.000000 0.000000 0.000000 0.000000 1.000000 0.000000 0.000000 60.000000 14.000000 1.000000</GlobalMatrix>
				<LocalScale>1.000000 1.000000 1.000000</LocalScale>
				<LocalRotation>0.000000 -0.000000 0.000000</LocalRotation>
				<LocalTransform>0.000000 60.000000 14.000000</LocalTransform>
			</Frame>
			<Frame Frame="2">
				<LocalMatrix>1.000000 0.000000 0.000000 0.000000 0.000000 1.000000 0.000000 0.000000 0.000000 0.000000 1.000000 0.000000 0.000000 60.000000 28.000000 1.000000</LocalMatrix>
				<GlobalMatrix>1.000000 0.000000 0.000000 0.000000 0.000000 1.000000 0.000000 0.000000 0.000000 0.000000 1.000000 0.000000 0.000000 60.000000 28.000000 1.000000</GlobalMatrix>
				<LocalScale>1.000000 1.000000 1.000000</LocalScale>
				<LocalRotation>0.000000 -0.000000 0.000000</LocalRotation>
				<LocalTransform>0.000000 60.000000 28.000000</LocalTransform>
			</Frame>
			<Frame Frame="3">
				<LocalMatrix>1.000000 0.000000 0.000000 0.000000 0.000000 1.000000 0.000000 0.000000 0.000000 0.000000 1.000000 0.000000 0.000000 60.000000 42.000000 1.000000</LocalMatrix>
				<GlobalMatrix>1.000000 0.000000 0.000000 0.000000 0.000000 1.000000 0.000000 0.000000 0.000000 0.000000 1.000000 0.000000 0.000000 60.000000 42.000000 1.000000</GlobalMatrix>
				<LocalScale>1.000000 1.000000 1.000000</LocalScale>
				<LocalRotation>0.000000 -0.000000 0.000000</LocalRotation>
				<LocalTransform>0.000000 60.000000 42.000000</LocalTransform>
			</Frame>
			<Frame Frame="4">
				<LocalMatrix>1.000000 0.000000 0.000000 0.000000 0.000000 1.000000 0.000000 0.000000 0.000000 0.000000 1.000000 0.000000 0.000000 60.000000 56.000000 1.000000</LocalMatrix>
				<GlobalMatrix>1.000000 0.000000 0.000000 0.000000 0.000000 1.000000 0.000000 0.000000 0.000000 0.000000 1.000000 0.000000 0.000000 60.000000 56.000000 1.000000</GlobalMatrix>
				<LocalScale>1.000000 1.000000 1.000000</LocalScale>
				<LocalRotation>0.000000 -0.000000 0.000000</LocalRotation>
				<LocalTransform>0.000000 60.000000 56.000000</LocalTransform>
			</Frame>
			<Frame Frame="5">
				<LocalMatrix>1.000000 0.000000 0.000000 0.000000 0.000000 1.000000 0.000000 0.000000 0.000000 0.000000 1.000000 0.000000 0.000000 60.000000 70.000000 1.000000</LocalMatrix>
				<GlobalMatrix>1.000000 0.000000 0.000000 0.000000 0.000000 1.000000 0.000000 0.000000 0.000000 0.000000 1.000000 0.000000 0.000000 60.000000 70.000000 1.000000</GlobalMatrix>
				<LocalScale>1.000000 1.000000 1.000000</LocalScale>
				<LocalRotation>0.000000 -0.000000 0.000000</LocalRotation>
				<LocalTransform>0.000000 60.000000 70.000000</LocalTransform>
			</Frame>
			<Frame Frame="6">
				<LocalMatrix>1.000000 0.000000 0.000000 0.000000 0.000000 1.000000 0.000000 0.000000 0.000000 0.000000 1.000000 0.000000 0.000000 60.000000 84.000000 1.000000</LocalMatrix>
				<GlobalMatrix>1.000000 0.000000 0.000000 0.000000 0.000000 1.000000 0.000000 0.000000 0.000000 0.000000 1.000000 0.000000 0.000000 60.000000 84.000000 1.000000</GlobalMatrix>
				<LocalScale>1.000000 1.000000 1.000000</LocalScale>
				<LocalRotation>0.000000 -0.000000 0.000000</LocalRotation>
				<LocalTransform>0.000000 60.000000 84.000000</LocalTransform>
			</Frame>
			<Frame Frame="7">
				<LocalMatrix>1.000000 0.000000 0.000000 0.000000 0.000000 1.000000 0.000000 0.000000 0.000000 0.000000 1.000000 0.000000 0.000000 60.000000 98.000000 1.000000</LocalMatrix>
				<GlobalMatrix>1.000000 0.000000 0.000000 0.000000 0.000000 1.000000 0.000000 0.000000 0.000000 0.000000 1.000000 0.000000 0.000000 60.000000 98.000000 1.000000</GlobalMatrix>
				<LocalScale>1.000000 1.000000 1.000000</LocalScale>
				<LocalRotation>0.000000 -0.000000 0.000000</LocalRotation>
				<LocalTransform>0.000000 60.000000 98.000000</LocalTransform>
			</Frame>
			<Frame Frame="8">
				<LocalMatrix>1.000000 0.000000 0.000000 0.000000 0.000000 1.000000 0.000000 0.000000 0.000000 0.000000 1.000000 0.000000 0.000000 60.000000 112.000000 1.000000</LocalMatrix>
				<GlobalMatrix>1.000000 0.000000 0.000000 0.000000 0.000000 1.000000 0.000000 0.000000 0.000000 0.000000 1.000000 0.000000 0.000000 60.000000 112.000000 1.000000</GlobalMatrix>
				<LocalScale>1.000000 1.000000 1.000000</LocalScale>
				<LocalRotation>0.000000 -0.000000 0.000000</LocalRotation>
				<LocalTransform>0.000000 60.000000 112.000000</LocalTransform>
			</Frame>
		</Node>
		<Node Name="Ref:Waist" ParentName="Ref:Origin" NeededRendering="FALSE" IsJoint="TRUE">
			<Frame Frame="0">
				<LocalMatrix>-0.000000 -0.118049 0.993008 0.000000 -1.000000 0.000000 0.000000 0.000000 -0.000000 -0.993008 -0.118049 0.000000 0.000000 7.601743 -0.482645 1.000000</LocalMatrix>
				<GlobalMatrix>-0.000000 -0.118049 0.993008 0.000000 -1.000000 0.000000 0.000000 0.000000 -0.000000 -0.993008 -0.118049 0.000000 0.000000 67.601746 -0.482645 1.000000</GlobalMatrix>
				<LocalScale>1.000000 1.000000 1.000000</LocalScale>
				<LocalRotation>-0.000000 -1.689121 1.570796</LocalRotation>
				<LocalTransform>0.000000 7.601743 -0.482645</LocalTransform>
			</Frame>
			<Frame Frame="1">
				<LocalMatrix>-0.000000 -0.124712 0.992193 0.000000 -1.000000 0.000000 -0.000000 0.000000 -0.000000 -0.992193 -0.124712 0.000000 0.000000 7.105671 -0.754365 1.000000</LocalMatrix>
				<GlobalMatrix>-0.000000 -0.124712 0.992193 0.000000 -1.000000 0.000000 -0.000000 0.000000 -0.000000 -0.992193 -0.124712 0.000000 0.000000 67.105675 13.245635 1.000000</GlobalMatrix>
				<LocalScale>1.000000 1.000000 1.000000</LocalScale>
				<LocalRotation>-0.000000 -1.695834 1.570796</LocalRotation>
				<LocalTransform>0.000000 7.105671 -0.754365</LocalTransform>
			</Frame>
			<Frame Frame="2">
				<LocalMatrix>-0.000000 -0.160413 0.987050 0.000000 -1.000000 0.000000 -0.000000 0.000000 -0.000000 -0.987050 -0.160413 0.000000 0.000000 7.918029 -0.320888 1.000000</LocalMatrix>
				<GlobalMatrix>-0.000000 -0.160413 0.987050 0.000000 -1.000000 0.000000 -0.000000 0.000000 -0.000000 -0.987050 -0.160413 0.000000 0.000000 67.918030 27.679111 1.000000</GlobalMatrix>
				<LocalScale>1.000000 1.000000 1.000000</LocalScale>
				<LocalRotation>-0.000000 -1.731905 1.570796</LocalRotation>
				<LocalTransform>0.000000 7.918029 -0.320888</LocalTransform>
			</Frame>
			<Frame Frame="3">
				<LocalMatrix>-0.000000 -0.192114 0.981373 0.000000 -1.000000 0.000000 0.000000 0.000000 -0.000000 -0.981373 -0.192114 0.000000 0.000000 9.266271 0.503630 1.000000</LocalMatrix>
				<GlobalMatrix>-0.000000 -0.192114 0.981373 0.000000 -1.000000 0.000000 0.000000 0.000000 -0.000000 -0.981373 -0.192114 0.000000 0.000000 69.266273 42.503632 1.000000</GlobalMatrix>
				<LocalScale>1.000000 1.000000 1.000000</LocalScale>
				<LocalRotation>-0.000000 -1.764112 1.570796</LocalRotation>
				<LocalTransform>0.000000 9.266271 0.503630</LocalTransform>
			</Frame>
			<Frame Frame="4">
				<LocalMatrix>-0.000000 -0.208253 0.978075 0.000000 -1.000000 0.000000 0.000000 0.000000 -0.000000 -0.978075 -0.208253 0.000000 0.000000 10.483587 1.301545 1.000000</LocalMatrix>
				<GlobalMatrix>-0.000000 -0.208253 0.978075 0.000000 -1.000000 0.000000 0.000000 0.000000 -0.000000 -0.978075 -0.208253 0.000000 0.000000 70.483589 57.301544 1.000000</GlobalMatrix>
				<LocalScale>1.000000 1.000000 1.000000</LocalScale>
				<LocalRotation>-0.000000 -1.780584 1.570796</LocalRotation>
				<LocalTransform>0.000000 10.483587 1.301545</LocalTransform>
			</Frame>
			<Frame Frame="5">
				<LocalMatrix>-0.000000 -0.199987 0.979798 0.000000 -1.000000 0.000000 0.000000 0.000000 -0.000000 -0.979798 -0.199987 0.000000 0.000000 11.041033 1.692148 1.000000</LocalMatrix>
				<GlobalMatrix>-0.000000 -0.199987 0.979798 0.000000 -1.000000 0.000000 0.000000 0.000000 -0.000000 -0.979798 -0.199987 0.000000 0.000000 71.041031 71.692146 1.000000</GlobalMatrix>
				<LocalScale>1.000000 1.000000 1.000000</LocalScale>
				<LocalRotation>-0.000000 -1.772141 1.570796</LocalRotation>
				<LocalTransform>0.000000 11.041033 1.692148</LocalTransform>
			</Frame>
			<Frame Frame="6">
				<LocalMatrix>-0.000000 -0.171308 0.985217 0.000000 -1.000000 0.000000 -0.000000 0.000000 -0.000000 -0.985217 -0.171308 0.000000 0.000000 10.421079 1.299738 1.000000</LocalMatrix>
				<GlobalMatrix>-0.000000 -0.171308 0.985217 0.000000 -1.000000 0.000000 -0.000000 0.000000 -0.000000 -0.985217 -0.171308 0.000000 0.000000 70.421082 85.299736 1.000000</GlobalMatrix>
				<LocalScale>1.000000 1.000000 1.000000</LocalScale>
				<LocalRotation>-0.000000 -1.742954 1.570796</LocalRotation>
				<LocalTransform>0.000000 10.421079 1.299738</LocalTransform>
			</Frame>
			<Frame Frame="7">
				<LocalMatrix>-0.000000 -0.138358 0.990382 0.000000 -1.000000 0.000000 0.000000 0.000000 -0.000000 -0.990382 -0.138358 0.000000 0.000000 9.044559 0.395223 1.000000</LocalMatrix>
				<GlobalMatrix>-0.000000 -0.138358 0.990382 0.000000 -1.000000 0.000000 0.000000 0.000000 -0.000000 -0.990382 -0.138358 0.000000 0.000000 69.044563 98.395226 1.000000</GlobalMatrix>
				<LocalScale>1.000000 1.000000 1.000000</LocalScale>
				<LocalRotation>-0.000000 -1.709599 1.570796</LocalRotation>
				<LocalTransform>0.000000 9.044559 0.395223</LocalTransform>
			</Frame>
			<Frame Frame="8">
				<LocalMatrix>-0.000000 -0.118049 0.993008 0.000000 -1.000000 0.000000 0.000000 0.000000 -0.000000 -0.993008 -0.118049 0.000000 0.000000 7.601743 -0.482645 1.000000</LocalMatrix>
				<GlobalMatrix>-0.000000 -0.118049 0.993008 0.000000 -1.000000 0.000000 0.000000 0.000000 -0.000000 -0.993008 -0.118049 0.000000 0.000000 67.601746 111.517357 1.000000</GlobalMatrix>
				<LocalScale>1.000000 1.000000 1.000000</LocalScale>
				<LocalRotation>-0.000000 -1.689121 1.570796</LocalRotation>
				<LocalTransform>0.000000 7.601743 -0.482645</LocalTransform>
			</Frame>
		</Node>
		<Node Name="Ref:Spine1" ParentName="Ref:Waist" NeededRendering="TRUE" IsJoint="TRUE">
			<Frame Frame="0">
				<LocalMatrix>1.000000 0.000000 0.000210 0.000000 -0.000000 1.000000 0.000000 0.000000 -0.000210 -0.000000 1.000000 0.000000 0.000000 0.000000 0.000000 1.000000</LocalMatrix>
				<GlobalMatrix>-0.000000 -0.118257 0.992983 0.000000 -1.000000 0.000000 0.000000 0.000000 -0.000000 -0.992983 -0.118257 0.000000 0.000000 67.601746 -0.482645 1.000000</GlobalMatrix>
				<LocalScale>1.000000 1.000000 1.000000</LocalScale>
				<LocalRotation>0.000000 -0.000210 0.000000</LocalRotation>
				<LocalTransform>0.000000 0.000000 0.000000</LocalTransform>
			</Frame>
			<Frame Frame="1">
				<LocalMatrix>0.999949 0.000000 -0.010086 0.000000 0.000000 1.000000 0.000000 0.000000 0.010086 0.000000 0.999949 0.000000 0.000000 0.000000 0.000000 1.000000</LocalMatrix>
				<GlobalMatrix>-0.000000 -0.114699 0.993400 0.000000 -1.000000 0.000000 -0.000000 0.000000 -0.000000 -0.993400 -0.114699 0.000000 -0.000000 67.105675 13.245635 1.000000</GlobalMatrix>
				<LocalScale>1.000000 1.000000 1.000000</LocalScale>
				<LocalRotation>0.000000 0.010086 0.000000</LocalRotation>
				<LocalTransform>0.000000 0.000000 0.000000</LocalTransform>
			</Frame>
			<Frame Frame="2">
				<LocalMatrix>0.999943 0.000000 -0.010632 0.000000 0.000000 1.000000 0.000000 0.000000 0.010632 0.000000 0.999943 0.000000 0.000000 0.000000 0.000000 1.000000</LocalMatrix>
				<GlobalMatrix>-0.000000 -0.149910 0.988700 0.000000 -1.000000 0.000000 -0.000000 0.000000 -0.000000 -0.988700 -0.149910 0.000000 0.000000 67.918030 27.679111 1.000000</GlobalMatrix>
				<LocalScale>1.000000 1.000000 1.000000</LocalScale>
				<LocalRotation>0.000000 0.010632 0.000000</LocalRotation>
				<LocalTransform>0.000000 0.000000 0.000000</LocalTransform>
			</Frame>
			<Frame Frame="3">
				<LocalMatrix>1.000000 0.000000 0.000367 0.000000 -0.000000 1.000000 0.000000 0.000000 -0.000367 -0.000000 1.000000 0.000000 0.000000 0.000000 0.000000 1.000000</LocalMatrix>
				<GlobalMatrix>-0.000000 -0.192474 0.981302 0.000000 -1.000000 0.000000 0.000000 0.000000 -0.000000 -0.981302 -0.192474 0.000000 -0.000000 69.266273 42.503632 1.000000</GlobalMatrix>
				<LocalScale>1.000000 1.000000 1.000000</LocalScale>
				<LocalRotation>0.000000 -0.000367 0.000000</LocalRotation>
				<LocalTransform>0.000000 0.000000 0.000000</LocalTransform>
			</Frame>
			<Frame Frame="4">
				<LocalMatrix>0.999898 0.000000 0.014257 0.000000 -0.000000 1.000000 0.000000 0.000000 -0.014257 -0.000000 0.999898 0.000000 0.000000 0.000000 0.000000 1.000000</LocalMatrix>
				<GlobalMatrix>-0.000000 -0.222176 0.975007 0.000000 -1.000000 0.000000 0.000000 0.000000 -0.000000 -0.975007 -0.222176 0.000000 -0.000000 70.483589 57.301544 1.000000</GlobalMatrix>
				<LocalScale>1.000000 1.000000 1.000000</LocalScale>
				<LocalRotation>0.000000 -0.014257 0.000000</LocalRotation>
				<LocalTransform>0.000000 0.000000 0.000000</LocalTransform>
			</Frame>
			<Frame Frame="5">
				<LocalMatrix>0.999745 0.000000 0.022579 0.000000 -0.000000 1.000000 0.000000 0.000000 -0.022579 -0.000000 0.999745 0.000000 -0.000000 0.000000 0.000000 1.000000</LocalMatrix>
				<GlobalMatrix>-0.000000 -0.222059 0.975033 0.000000 -1.000000 0.000000 0.000000 0.000000 -0.000000 -0.975033 -0.222059 0.000000 -0.000000 71.041031 71.692146 1.000000</GlobalMatrix>
				<LocalScale>1.000000 1.000000 1.000000</LocalScale>
				<LocalRotation>0.000000 -0.022580 0.000000</LocalRotation>
				<LocalTransform>-0.000000 0.000000 0.000000</LocalTransform>
			</Frame>
			<Frame Frame="6">
				<LocalMatrix>0.999802 0.000000 0.019893 0.000000 -0.000000 1.000000 0.000000 0.000000 -0.019893 -0.000000 0.999802 0.000000 0.000000 0.000000 0.000000 1.000000</LocalMatrix>
				<GlobalMatrix>-0.000000 -0.190874 0.981615 0.000000 -1.000000 0.000000 -0.000000 0.000000 -0.000000 -0.981615 -0.190874 0.000000 0.000000 70.421082 85.299736 1.000000</GlobalMatrix>
				<LocalScale>1.000000 1.000000 1.000000</LocalScale>
				<LocalRotation>0.000000 -0.019895 0.000000</LocalRotation>
				<LocalTransform>0.000000 0.000000 0.000000</LocalTransform>
			</Frame>
			<Frame Frame="7">
				<LocalMatrix>0.999946 0.000000 0.010424 0.000000 -0.000000 1.000000 0.000000 0.000000 -0.010424 -0.000000 0.999946 0.000000 0.000000 0.000000 0.000000 1.000000</LocalMatrix>
				<GlobalMatrix>-0.000000 -0.148675 0.988886 0.000000 -1.000000 0.000000 0.000000 0.000000 -0.000000 -0.988886 -0.148675 0.000000 0.000000 69.044563 98.395226 1.000000</GlobalMatrix>
				<LocalScale>1.000000 1.000000 1.000000</LocalScale>
				<LocalRotation>0.000000 -0.010425 0.000000</LocalRotation>
				<LocalTransform>0.000000 0.000000 0.000000</LocalTransform>
			</Frame>
			<Frame Frame="8">
				<LocalMatrix>1.000000 0.000000 0.000210 0.000000 -0.000000 1.000000 0.000000 0.000000 -0.000210 -0.000000 1.000000 0.000000 0.000000 0.000000 0.000000 1.000000</LocalMatrix>
				<GlobalMatrix>-0.000000 -0.118257 0.992983 0.000000 -1.000000 0.000000 0.000000 0.000000 -0.000000 -0.992983 -0.118257 0.000000 -0.000000 67.601746 111.517357 1.000000</GlobalMatrix>
				<LocalScale>1.000000 1.000000 1.000000</LocalScale>
				<LocalRotation>0.000000 -0.000210 0.000000</LocalRotation>
				<LocalTransform>0.000000 0.000000 0.000000</LocalTransform>
			</Frame>
		</Node>
		<Node Name="Ref:Spine2" ParentName="Ref:Spine1" NeededRendering="TRUE" IsJoint="TRUE">
			<Frame Frame="0">
				<LocalMatrix>0.848623 0.000000 -0.528998 0.000000 0.000000 1.000000 0.000000 0.000000 0.528998 0.000000 0.848623 0.000000 3.070619 -0.000000 0.000000 1.000000</LocalMatrix>
				<GlobalMatrix>0.000000 0.424930 0.905226 0.000000 -1.000000 0.000000 0.000000 0.000000 -0.000000 -0.905226 0.424930 0.000000 0.000000 67.238617 2.566428 1.000000</GlobalMatrix>
				<LocalScale>1.000000 1.000000 1.000000</LocalScale>
				<LocalRotation>0.000000 0.557419 0.000000</LocalRotation>
				<LocalTransform>3.070619 -0.000000 0.000000</LocalTransform>
			</Frame>
			<Frame Frame="1">
				<LocalMatrix>0.842870 0.000000 -0.538118 0.000000 0.000000 1.000000 0.000000 0.000000 0.538118 0.000000 0.842870 0.000000 3.070619 -0.000000 0.000000 1.000000</LocalMatrix>
				<GlobalMatrix>0.000000 0.437890 0.899028 0.000000 -1.000000 0.000000 -0.000000 0.000000 -0.000000 -0.899028 0.437890 0.000000 0.000000 66.753471 16.295988 1.000000</GlobalMatrix>
				<LocalScale>1.000000 1.000000 1.000000</LocalScale>
				<LocalRotation>0.000000 0.568203 0.000000</LocalRotation>
				<LocalTransform>3.070619 -0.000000 0.000000</LocalTransform>
			</Frame>
			<Frame Frame="2">
				<LocalMatrix>0.839533 0.000000 -0.543309 0.000000 0.000000 1.000000 0.000000 0.000000 0.543309 0.000000 0.839533 0.000000 3.070619 -0.000000 0.000000 1.000000</LocalMatrix>
				<GlobalMatrix>0.000000 0.411315 0.911493 0.000000 -1.000000 0.000000 -0.000000 0.000000 -0.000000 -0.911493 0.411315 0.000000 0.000000 67.457710 30.715033 1.000000</GlobalMatrix>
				<LocalScale>1.000000 1.000000 1.000000</LocalScale>
				<LocalRotation>0.000000 0.574373 0.000000</LocalRotation>
				<LocalTransform>3.070619 -0.000000 0.000000</LocalTransform>
			</Frame>
			<Frame Frame="3">
				<LocalMatrix>0.842983 0.000000 -0.537941 0.000000 0.000000 1.000000 0.000000 0.000000 0.537941 0.000000 0.842983 0.000000 3.070619 -0.000000 0.000000 1.000000</LocalMatrix>
				<GlobalMatrix>0.000000 0.365631 0.930760 0.000000 -1.000000 0.000000 0.000000 0.000000 -0.000000 -0.930760 0.365631 0.000000 0.000000 68.675255 45.516834 1.000000</GlobalMatrix>
				<LocalScale>1.000000 1.000000 1.000000</LocalScale>
				<LocalRotation>0.000000 0.567993 0.000000</LocalRotation>
				<LocalTransform>3.070619 -0.000000 0.000000</LocalTransform>
			</Frame>
			<Frame Frame="4">
				<LocalMatrix>0.850169 0.000000 -0.526510 0.000000 0.000000 1.000000 0.000000 0.000000 0.526510 0.000000 0.850169 0.000000 3.070619 -0.000000 0.000000 1.000000</LocalMatrix>
				<GlobalMatrix>0.000000 0.324464 0.945898 0.000000 -1.000000 0.000000 0.000000 0.000000 -0.000000 -0.945898 0.324464 0.000000 0.000000 69.801369 60.295418 1.000000</GlobalMatrix>
				<LocalScale>1.000000 1.000000 1.000000</LocalScale>
				<LocalRotation>0.000000 0.554491 0.000000</LocalRotation>
				<LocalTransform>3.070619 -0.000000 0.000000</LocalTransform>
			</Frame>
			<Frame Frame="5">
				<LocalMatrix>0.856510 0.000000 -0.516130 0.000000 0.000000 1.000000 0.000000 0.000000 0.516130 0.000000 0.856510 0.000000 3.070619 -0.000000 -0.000000 1.000000</LocalMatrix>
				<GlobalMatrix>0.000000 0.313048 0.949737 0.000000 -1.000000 0.000000 0.000000 0.000000 -0.000000 -0.949737 0.313048 0.000000 0.000000 70.359177 74.686104 1.000000</GlobalMatrix>
				<LocalScale>1.000000 1.000000 1.000000</LocalScale>
				<LocalRotation>0.000000 0.542326 0.000000</LocalRotation>
				<LocalTransform>3.070619 -0.000000 -0.000000</LocalTransform>
			</Frame>
			<Frame Frame="6">
				<LocalMatrix>0.857886 0.000000 -0.513841 0.000000 0.000000 1.000000 0.000000 0.000000 0.513841 0.000000 0.857886 0.000000 3.070619 -0.000000 0.000000 1.000000</LocalMatrix>
				<GlobalMatrix>0.000000 0.340646 0.940192 0.000000 -1.000000 0.000000 -0.000000 0.000000 -0.000000 -0.940192 0.340646 0.000000 0.000000 69.834976 88.313904 1.000000</GlobalMatrix>
				<LocalScale>1.000000 1.000000 1.000000</LocalScale>
				<LocalRotation>0.000000 0.539656 0.000000</LocalRotation>
				<LocalTransform>3.070619 -0.000000 0.000000</LocalTransform>
			</Frame>
			<Frame Frame="7">
				<LocalMatrix>0.854038 0.000000 -0.520211 0.000000 0.000000 1.000000 0.000000 0.000000 0.520211 0.000000 0.854038 0.000000 3.070619 -0.000000 0.000000 1.000000</LocalMatrix>
				<GlobalMatrix>0.000000 0.387456 0.921888 0.000000 -1.000000 0.000000 0.000000 0.000000 -0.000000 -0.921888 0.387456 0.000000 0.000000 68.588036 101.431717 1.000000</GlobalMatrix>
				<LocalScale>1.000000 1.000000 1.000000</LocalScale>
				<LocalRotation>0.000000 0.547098 0.000000</LocalRotation>
				<LocalTransform>3.070619 -0.000000 0.000000</LocalTransform>
			</Frame>
			<Frame Frame="8">
				<LocalMatrix>0.848623 0.000000 -0.528998 0.000000 0.000000 1.000000 0.000000 0.000000 0.528998 0.000000 0.848623 0.000000 3.070619 -0.000000 0.000000 1.000000</LocalMatrix>
				<GlobalMatrix>0.000000 0.424930 0.905226 0.000000 -1.000000 0.000000 0.000000 0.000000 -0.000000 -0.905226 0.424930 0.000000 0.000000 67.238617 114.566429 1.000000</GlobalMatrix>
				<LocalScale>1.000000 1.000000 1.000000</LocalScale>
				<LocalRotation>0.000000 0.557419 0.000000</LocalRotation>
				<LocalTransform>3.070619 -0.000000 0.000000</LocalTransform>
			</Frame>
		</Node>
		<Node Name="Ref:Spine3" ParentName="Ref:Spine2" NeededRendering="TRUE" IsJoint="TRUE">
			<Frame Frame="0">
				<LocalMatrix>0.956152 0.000000 -0.292869 0.000000 0.000000 1.000000 0.000000 0.000000 0.292869 0.000000 0.956152 0.000000 5.048877 -0.000000 -0.000000 1.000000</LocalMatrix>
				<GlobalMatrix>0.000000 0.671411 0.741085 0.000000 -1.000000 0.000000 0.000000 0.000000 -0.000000 -0.741085 0.671411 0.000000 0.000000 69.384041 7.136804 1.000000</GlobalMatrix>
				<LocalScale>1.000000 1.000000 1.000000</LocalScale>
				<LocalRotation>0.000000 0.297227 0.000000</LocalRotation>
				<LocalTransform>5.048877 -0.000000 -0.000000</LocalTransform>
			</Frame>
			<Frame Frame="1">
				<LocalMatrix>0.952939 0.000000 -0.303163 0.000000 0.000000 1.000000 0.000000 0.000000 0.303163 0.000000 0.952939 0.000000 5.048877 -0.000000 -0.000000 1.000000</LocalMatrix>
				<GlobalMatrix>0.000000 0.689835 0.723967 0.000000 -1.000000 0.000000 -0.000000 0.000000 -0.000000 -0.723967 0.689835 0.000000 0.000000 68.964333 20.835072 1.000000</GlobalMatrix>
				<LocalScale>1.000000 1.000000 1.000000</LocalScale>
				<LocalRotation>0.000000 0.308010 0.000000</LocalRotation>
				<LocalTransform>5.048877 -0.000000 -0.000000</LocalTransform>
			</Frame>
			<Frame Frame="2">
				<LocalMatrix>0.951050 0.000000 -0.309037 0.000000 0.000000 1.000000 0.000000 0.000000 0.309037 0.000000 0.951050 0.000000 5.048877 -0.000000 0.000000 1.000000</LocalMatrix>
				<GlobalMatrix>0.000000 0.672866 0.739764 0.000000 -1.000000 0.000000 -0.000000 0.000000 -0.000000 -0.739764 0.672866 0.000000 0.000000 69.534393 35.317051 1.000000</GlobalMatrix>
				<LocalScale>1.000000 1.000000 1.000000</LocalScale>
				<LocalRotation>0.000000 0.314181 0.000000</LocalRotation>
				<LocalTransform>5.048877 -0.000000 0.000000</LocalTransform>
			</Frame>
			<Frame Frame="3">
				<LocalMatrix>0.953002 0.000000 -0.302963 0.000000 0.000000 1.000000 0.000000 0.000000 0.302963 0.000000 0.953002 0.000000 5.048877 -0.000000 0.000000 1.000000</LocalMatrix>
				<GlobalMatrix>0.000000 0.630433 0.776244 0.000000 -1.000000 0.000000 0.000000 0.000000 -0.000000 -0.776244 0.630433 0.000000 0.000000 70.521278 50.216129 1.000000</GlobalMatrix>
				<LocalScale>1.000000 1.000000 1.000000</LocalScale>
				<LocalRotation>0.000000 0.307800 0.000000</LocalRotation>
				<LocalTransform>5.048877 -0.000000 0.000000</LocalTransform>
			</Frame>
			<Frame Frame="4">
