<?xml version='1.0' encoding='utf-8' ?>
<GfMotion version="0.7" FrameSize="30" CurrrentUnit="ntsc">
	<Source Path="C:\next\next_3d\chara\motion_test\testpreset_Dm\scenes\testpreset_Dm_wait02.mb" TargetNode="none"/>
	<UvAnimation/>
	<BlendShapeAnimation/>
	<VisibilityAnimation>
		<Mesh Name="Ref:Ref:hairShape">
			<IsVisible Frame="0">true</IsVisible>
			<IsVisible Frame="1">true</IsVisible>
			<IsVisible Frame="2">true</IsVisible>
			<IsVisible Frame="3">true</IsVisible>
			<IsVisible Frame="4">true</IsVisible>
			<IsVisible Frame="5">true</IsVisible>
			<IsVisible Frame="6">true</IsVisible>
			<IsVisible Frame="7">true</IsVisible>
			<IsVisible Frame="8">true</IsVisible>
			<IsVisible Frame="9">true</IsVisible>
			<IsVisible Frame="10">true</IsVisible>
			<IsVisible Frame="11">true</IsVisible>
			<IsVisible Frame="12">true</IsVisible>
			<IsVisible Frame="13">true</IsVisible>
			<IsVisible Frame="14">true</IsVisible>
			<IsVisible Frame="15">true</IsVisible>
			<IsVisible Frame="16">true</IsVisible>
			<IsVisible Frame="17">true</IsVisible>
			<IsVisible Frame="18">true</IsVisible>
			<IsVisible Frame="19">true</IsVisible>
			<IsVisible Frame="20">true</IsVisible>
			<IsVisible Frame="21">true</IsVisible>
			<IsVisible Frame="22">true</IsVisible>
			<IsVisible Frame="23">true</IsVisible>
			<IsVisible Frame="24">true</IsVisible>
			<IsVisible Frame="25">true</IsVisible>
			<IsVisible Frame="26">true</IsVisible>
			<IsVisible Frame="27">true</IsVisible>
			<IsVisible Frame="28">true</IsVisible>
			<IsVisible Frame="29">true</IsVisible>
			<IsVisible Frame="30">true</IsVisible>
		</Mesh>
		<Mesh Name="Ref:Ref:shirtShape">
			<IsVisible Frame="0">true</IsVisible>
			<IsVisible Frame="1">true</IsVisible>
			<IsVisible Frame="2">true</IsVisible>
			<IsVisible Frame="3">true</IsVisible>
			<IsVisible Frame="4">true</IsVisible>
			<IsVisible Frame="5">true</IsVisible>
			<IsVisible Frame="6">true</IsVisible>
			<IsVisible Frame="7">true</IsVisible>
			<IsVisible Frame="8">true</IsVisible>
			<IsVisible Frame="9">true</IsVisible>
			<IsVisible Frame="10">true</IsVisible>
			<IsVisible Frame="11">true</IsVisible>
			<IsVisible Frame="12">true</IsVisible>
			<IsVisible Frame="13">true</IsVisible>
			<IsVisible Frame="14">true</IsVisible>
			<IsVisible Frame="15">true</IsVisible>
			<IsVisible Frame="16">true</IsVisible>
			<IsVisible Frame="17">true</IsVisible>
			<IsVisible Frame="18">true</IsVisible>
			<IsVisible Frame="19">true</IsVisible>
			<IsVisible Frame="20">true</IsVisible>
			<IsVisible Frame="21">true</IsVisible>
			<IsVisible Frame="22">true</IsVisible>
			<IsVisible Frame="23">true</IsVisible>
			<IsVisible Frame="24">true</IsVisible>
			<IsVisible Frame="25">true</IsVisible>
			<IsVisible Frame="26">true</IsVisible>
			<IsVisible Frame="27">true</IsVisible>
			<IsVisible Frame="28">true</IsVisible>
			<IsVisible Frame="29">true</IsVisible>
			<IsVisible Frame="30">true</IsVisible>
		</Mesh>
		<Mesh Name="Ref:Ref:handShape">
			<IsVisible Frame="0">true</IsVisible>
			<IsVisible Frame="1">true</IsVisible>
			<IsVisible Frame="2">true</IsVisible>
			<IsVisible Frame="3">true</IsVisible>
			<IsVisible Frame="4">true</IsVisible>
			<IsVisible Frame="5">true</IsVisible>
			<IsVisible Frame="6">true</IsVisible>
			<IsVisible Frame="7">true</IsVisible>
			<IsVisible Frame="8">true</IsVisible>
			<IsVisible Frame="9">true</IsVisible>
			<IsVisible Frame="10">true</IsVisible>
			<IsVisible Frame="11">true</IsVisible>
			<IsVisible Frame="12">true</IsVisible>
			<IsVisible Frame="13">true</IsVisible>
			<IsVisible Frame="14">true</IsVisible>
			<IsVisible Frame="15">true</IsVisible>
			<IsVisible Frame="16">true</IsVisible>
			<IsVisible Frame="17">true</IsVisible>
			<IsVisible Frame="18">true</IsVisible>
			<IsVisible Frame="19">true</IsVisible>
			<IsVisible Frame="20">true</IsVisible>
			<IsVisible Frame="21">true</IsVisible>
			<IsVisible Frame="22">true</IsVisible>
			<IsVisible Frame="23">true</IsVisible>
			<IsVisible Frame="24">true</IsVisible>
			<IsVisible Frame="25">true</IsVisible>
			<IsVisible Frame="26">true</IsVisible>
			<IsVisible Frame="27">true</IsVisible>
			<IsVisible Frame="28">true</IsVisible>
			<IsVisible Frame="29">true</IsVisible>
			<IsVisible Frame="30">true</IsVisible>
		</Mesh>
		<Mesh Name="Ref:Ref:tokeiShape">
			<IsVisible Frame="0">true</IsVisible>
			<IsVisible Frame="1">true</IsVisible>
			<IsVisible Frame="2">true</IsVisible>
			<IsVisible Frame="3">true</IsVisible>
			<IsVisible Frame="4">true</IsVisible>
			<IsVisible Frame="5">true</IsVisible>
			<IsVisible Frame="6">true</IsVisible>
			<IsVisible Frame="7">true</IsVisible>
			<IsVisible Frame="8">true</IsVisible>
			<IsVisible Frame="9">true</IsVisible>
			<IsVisible Frame="10">true</IsVisible>
			<IsVisible Frame="11">true</IsVisible>
			<IsVisible Frame="12">true</IsVisible>
			<IsVisible Frame="13">true</IsVisible>
			<IsVisible Frame="14">true</IsVisible>
			<IsVisible Frame="15">true</IsVisible>
			<IsVisible Frame="16">true</IsVisible>
			<IsVisible Frame="17">true</IsVisible>
			<IsVisible Frame="18">true</IsVisible>
			<IsVisible Frame="19">true</IsVisible>
			<IsVisible Frame="20">true</IsVisible>
			<IsVisible Frame="21">true</IsVisible>
			<IsVisible Frame="22">true</IsVisible>
			<IsVisible Frame="23">true</IsVisible>
			<IsVisible Frame="24">true</IsVisible>
			<IsVisible Frame="25">true</IsVisible>
			<IsVisible Frame="26">true</IsVisible>
			<IsVisible Frame="27">true</IsVisible>
			<IsVisible Frame="28">true</IsVisible>
			<IsVisible Frame="29">true</IsVisible>
			<IsVisible Frame="30">true</IsVisible>
		</Mesh>
		<Mesh Name="Ref:Ref:beltShape">
			<IsVisible Frame="0">true</IsVisible>
			<IsVisible Frame="1">true</IsVisible>
			<IsVisible Frame="2">true</IsVisible>
			<IsVisible Frame="3">true</IsVisible>
			<IsVisible Frame="4">true</IsVisible>
			<IsVisible Frame="5">true</IsVisible>
			<IsVisible Frame="6">true</IsVisible>
			<IsVisible Frame="7">true</IsVisible>
			<IsVisible Frame="8">true</IsVisible>
			<IsVisible Frame="9">true</IsVisible>
			<IsVisible Frame="10">true</IsVisible>
			<IsVisible Frame="11">true</IsVisible>
			<IsVisible Frame="12">true</IsVisible>
			<IsVisible Frame="13">true</IsVisible>
			<IsVisible Frame="14">true</IsVisible>
			<IsVisible Frame="15">true</IsVisible>
			<IsVisible Frame="16">true</IsVisible>
			<IsVisible Frame="17">true</IsVisible>
			<IsVisible Frame="18">true</IsVisible>
			<IsVisible Frame="19">true</IsVisible>
			<IsVisible Frame="20">true</IsVisible>
			<IsVisible Frame="21">true</IsVisible>
			<IsVisible Frame="22">true</IsVisible>
			<IsVisible Frame="23">true</IsVisible>
			<IsVisible Frame="24">true</IsVisible>
			<IsVisible Frame="25">true</IsVisible>
			<IsVisible Frame="26">true</IsVisible>
			<IsVisible Frame="27">true</IsVisible>
			<IsVisible Frame="28">true</IsVisible>
			<IsVisible Frame="29">true</IsVisible>
			<IsVisible Frame="30">true</IsVisible>
		</Mesh>
		<Mesh Name="Ref:Ref:bottomShape">
			<IsVisible Frame="0">true</IsVisible>
			<IsVisible Frame="1">true</IsVisible>
			<IsVisible Frame="2">true</IsVisible>
			<IsVisible Frame="3">true</IsVisible>
			<IsVisible Frame="4">true</IsVisible>
			<IsVisible Frame="5">true</IsVisible>
			<IsVisible Frame="6">true</IsVisible>
			<IsVisible Frame="7">true</IsVisible>
			<IsVisible Frame="8">true</IsVisible>
			<IsVisible Frame="9">true</IsVisible>
			<IsVisible Frame="10">true</IsVisible>
			<IsVisible Frame="11">true</IsVisible>
			<IsVisible Frame="12">true</IsVisible>
			<IsVisible Frame="13">true</IsVisible>
			<IsVisible Frame="14">true</IsVisible>
			<IsVisible Frame="15">true</IsVisible>
			<IsVisible Frame="16">true</IsVisible>
			<IsVisible Frame="17">true</IsVisible>
			<IsVisible Frame="18">true</IsVisible>
			<IsVisible Frame="19">true</IsVisible>
			<IsVisible Frame="20">true</IsVisible>
			<IsVisible Frame="21">true</IsVisible>
			<IsVisible Frame="22">true</IsVisible>
			<IsVisible Frame="23">true</IsVisible>
			<IsVisible Frame="24">true</IsVisible>
			<IsVisible Frame="25">true</IsVisible>
			<IsVisible Frame="26">true</IsVisible>
			<IsVisible Frame="27">true</IsVisible>
			<IsVisible Frame="28">true</IsVisible>
			<IsVisible Frame="29">true</IsVisible>
			<IsVisible Frame="30">true</IsVisible>
		</Mesh>
		<Mesh Name="Ref:Ref:kutsuShape">
			<IsVisible Frame="0">true</IsVisible>
			<IsVisible Frame="1">true</IsVisible>
			<IsVisible Frame="2">true</IsVisible>
			<IsVisible Frame="3">true</IsVisible>
			<IsVisible Frame="4">true</IsVisible>
			<IsVisible Frame="5">true</IsVisible>
			<IsVisible Frame="6">true</IsVisible>
			<IsVisible Frame="7">true</IsVisible>
			<IsVisible Frame="8">true</IsVisible>
			<IsVisible Frame="9">true</IsVisible>
			<IsVisible Frame="10">true</IsVisible>
			<IsVisible Frame="11">true</IsVisible>
			<IsVisible Frame="12">true</IsVisible>
			<IsVisible Frame="13">true</IsVisible>
			<IsVisible Frame="14">true</IsVisible>
			<IsVisible Frame="15">true</IsVisible>
			<IsVisible Frame="16">true</IsVisible>
			<IsVisible Frame="17">true</IsVisible>
			<IsVisible Frame="18">true</IsVisible>
			<IsVisible Frame="19">true</IsVisible>
			<IsVisible Frame="20">true</IsVisible>
			<IsVisible Frame="21">true</IsVisible>
			<IsVisible Frame="22">true</IsVisible>
			<IsVisible Frame="23">true</IsVisible>
			<IsVisible Frame="24">true</IsVisible>
			<IsVisible Frame="25">true</IsVisible>
			<IsVisible Frame="26">true</IsVisible>
			<IsVisible Frame="27">true</IsVisible>
			<IsVisible Frame="28">true</IsVisible>
			<IsVisible Frame="29">true</IsVisible>
			<IsVisible Frame="30">true</IsVisible>
		</Mesh>
		<Mesh Name="Ref:Ref:faceShape">
			<IsVisible Frame="0">true</IsVisible>
			<IsVisible Frame="1">true</IsVisible>
			<IsVisible Frame="2">true</IsVisible>
			<IsVisible Frame="3">true</IsVisible>
			<IsVisible Frame="4">true</IsVisible>
			<IsVisible Frame="5">true</IsVisible>
			<IsVisible Frame="6">true</IsVisible>
			<IsVisible Frame="7">true</IsVisible>
			<IsVisible Frame="8">true</IsVisible>
			<IsVisible Frame="9">true</IsVisible>
			<IsVisible Frame="10">true</IsVisible>
			<IsVisible Frame="11">true</IsVisible>
			<IsVisible Frame="12">true</IsVisible>
			<IsVisible Frame="13">true</IsVisible>
			<IsVisible Frame="14">true</IsVisible>
			<IsVisible Frame="15">true</IsVisible>
			<IsVisible Frame="16">true</IsVisible>
			<IsVisible Frame="17">true</IsVisible>
			<IsVisible Frame="18">true</IsVisible>
			<IsVisible Frame="19">true</IsVisible>
			<IsVisible Frame="20">true</IsVisible>
			<IsVisible Frame="21">true</IsVisible>
			<IsVisible Frame="22">true</IsVisible>
			<IsVisible Frame="23">true</IsVisible>
			<IsVisible Frame="24">true</IsVisible>
			<IsVisible Frame="25">true</IsVisible>
			<IsVisible Frame="26">true</IsVisible>
			<IsVisible Frame="27">true</IsVisible>
			<IsVisible Frame="28">true</IsVisible>
			<IsVisible Frame="29">true</IsVisible>
			<IsVisible Frame="30">true</IsVisible>
		</Mesh>
		<Mesh Name="Ref:Ref:hakuiShape">
			<IsVisible Frame="0">true</IsVisible>
			<IsVisible Frame="1">true</IsVisible>
			<IsVisible Frame="2">true</IsVisible>
			<IsVisible Frame="3">true</IsVisible>
			<IsVisible Frame="4">true</IsVisible>
			<IsVisible Frame="5">true</IsVisible>
			<IsVisible Frame="6">true</IsVisible>
			<IsVisible Frame="7">true</IsVisible>
			<IsVisible Frame="8">true</IsVisible>
			<IsVisible Frame="9">true</IsVisible>
			<IsVisible Frame="10">true</IsVisible>
			<IsVisible Frame="11">true</IsVisible>
			<IsVisible Frame="12">true</IsVisible>
			<IsVisible Frame="13">true</IsVisible>
			<IsVisible Frame="14">true</IsVisible>
			<IsVisible Frame="15">true</IsVisible>
			<IsVisible Frame="16">true</IsVisible>
			<IsVisible Frame="17">true</IsVisible>
			<IsVisible Frame="18">true</IsVisible>
			<IsVisible Frame="19">true</IsVisible>
			<IsVisible Frame="20">true</IsVisible>
			<IsVisible Frame="21">true</IsVisible>
			<IsVisible Frame="22">true</IsVisible>
			<IsVisible Frame="23">true</IsVisible>
			<IsVisible Frame="24">true</IsVisible>
			<IsVisible Frame="25">true</IsVisible>
			<IsVisible Frame="26">true</IsVisible>
			<IsVisible Frame="27">true</IsVisible>
			<IsVisible Frame="28">true</IsVisible>
			<IsVisible Frame="29">true</IsVisible>
			<IsVisible Frame="30">true</IsVisible>
		</Mesh>
	</VisibilityAnimation>
	<JointAnimation>
		<Joint Name="Ref:Ref:Waist" NeededRendering="TRUE">
			<Frame Frame="0">
				<LocalMatrix>0.000000 1.000000 0.000000 0.000000 -1.000000 0.000000 0.000000 0.000000 0.000000 0.000000 1.000000 0.000000 -0.000000 90.061424 0.000000 1.000000</LocalMatrix>
				<GlobalMatrix>0.000000 1.000000 0.000000 0.000000 -1.000000 0.000000 0.000000 0.000000 0.000000 0.000000 1.000000 0.000000 -0.000000 90.061424 0.000000 1.000000</GlobalMatrix>
				<LocalScale>1.000000 1.000000 1.000000</LocalScale>
				<LocalRotation>0.000000 -0.000000 1.570796</LocalRotation>
				<LocalTransform>-0.000000 90.061424 0.000000</LocalTransform>
			</Frame>
			<Frame Frame="1">
				<LocalMatrix>-0.003092 0.999995 0.000000 0.000000 -0.999995 -0.003092 0.000000 0.000000 0.000000 0.000000 1.000000 0.000000 0.042834 90.108231 0.000000 1.000000</LocalMatrix>
				<GlobalMatrix>-0.003092 0.999995 0.000000 0.000000 -0.999995 -0.003092 0.000000 0.000000 0.000000 0.000000 1.000000 0.000000 0.042834 90.108231 0.000000 1.000000</GlobalMatrix>
				<LocalScale>1.000000 1.000000 1.000000</LocalScale>
				<LocalRotation>0.000000 -0.000000 1.573889</LocalRotation>
				<LocalTransform>0.042834 90.108231 0.000000</LocalTransform>
			</Frame>
			<Frame Frame="2">
				<LocalMatrix>-0.010823 0.999941 0.000000 0.000000 -0.999941 -0.010823 0.000000 0.000000 0.000000 0.000000 1.000000 0.000000 0.159609 90.225258 0.000000 1.000000</LocalMatrix>
				<GlobalMatrix>-0.010823 0.999941 0.000000 0.000000 -0.999941 -0.010823 0.000000 0.000000 0.000000 0.000000 1.000000 0.000000 0.159609 90.225258 0.000000 1.000000</GlobalMatrix>
				<LocalScale>1.000000 1.000000 1.000000</LocalScale>
				<LocalRotation>0.000000 -0.000000 1.581620</LocalRotation>
				<LocalTransform>0.159609 90.225258 0.000000</LocalTransform>
			</Frame>
			<Frame Frame="3">
				<LocalMatrix>-0.020872 0.999782 0.000000 0.000000 -0.999782 -0.020872 0.000000 0.000000 0.000000 0.000000 1.000000 0.000000 0.332739 90.377396 0.000000 1.000000</LocalMatrix>
				<GlobalMatrix>-0.020872 0.999782 0.000000 0.000000 -0.999782 -0.020872 0.000000 0.000000 0.000000 0.000000 1.000000 0.000000 0.332739 90.377396 0.000000 1.000000</GlobalMatrix>
				<LocalScale>1.000000 1.000000 1.000000</LocalScale>
				<LocalRotation>0.000000 -0.000000 1.591670</LocalRotation>
				<LocalTransform>0.332739 90.377396 0.000000</LocalTransform>
			</Frame>
			<Frame Frame="4">
				<LocalMatrix>-0.030918 0.999522 0.000000 0.000000 -0.999522 -0.030918 0.000000 0.000000 0.000000 0.000000 1.000000 0.000000 0.544636 90.529533 0.000000 1.000000</LocalMatrix>
				<GlobalMatrix>-0.030918 0.999522 0.000000 0.000000 -0.999522 -0.030918 0.000000 0.000000 0.000000 0.000000 1.000000 0.000000 0.544636 90.529533 0.000000 1.000000</GlobalMatrix>
				<LocalScale>1.000000 1.000000 1.000000</LocalScale>
				<LocalRotation>0.000000 -0.000000 1.601720</LocalRotation>
				<LocalTransform>0.544636 90.529533 0.000000</LocalTransform>
			</Frame>
			<Frame Frame="5">
				<LocalMatrix>-0.038645 0.999253 0.000000 0.000000 -0.999253 -0.038645 0.000000 0.000000 0.000000 0.000000 1.000000 0.000000 0.777713 90.646568 0.000000 1.000000</LocalMatrix>
				<GlobalMatrix>-0.038645 0.999253 0.000000 0.000000 -0.999253 -0.038645 0.000000 0.000000 0.000000 0.000000 1.000000 0.000000 0.777713 90.646568 0.000000 1.000000</GlobalMatrix>
				<LocalScale>1.000000 1.000000 1.000000</LocalScale>
				<LocalRotation>0.000000 -0.000000 1.609451</LocalRotation>
				<LocalTransform>0.777713 90.646568 0.000000</LocalTransform>
			</Frame>
			<Frame Frame="6">
				<LocalMatrix>-0.041734 0.999129 0.000000 0.000000 -0.999129 -0.041734 0.000000 0.000000 0.000000 0.000000 1.000000 0.000000 1.014381 90.693375 0.000000 1.000000</LocalMatrix>
				<GlobalMatrix>-0.041734 0.999129 0.000000 0.000000 -0.999129 -0.041734 0.000000 0.000000 0.000000 0.000000 1.000000 0.000000 1.014381 90.693375 0.000000 1.000000</GlobalMatrix>
				<LocalScale>1.000000 1.000000 1.000000</LocalScale>
				<LocalRotation>0.000000 -0.000000 1.612543</LocalRotation>
				<LocalTransform>1.014381 90.693375 0.000000</LocalTransform>
			</Frame>
			<Frame Frame="7">
				<LocalMatrix>-0.040914 0.999163 0.000000 0.000000 -0.999163 -0.040914 0.000000 0.000000 0.000000 0.000000 1.000000 0.000000 1.266897 90.676468 0.000000 1.000000</LocalMatrix>
				<GlobalMatrix>-0.040914 0.999163 0.000000 0.000000 -0.999163 -0.040914 0.000000 0.000000 0.000000 0.000000 1.000000 0.000000 1.266897 90.676468 0.000000 1.000000</GlobalMatrix>
				<LocalScale>1.000000 1.000000 1.000000</LocalScale>
				<LocalRotation>0.000000 -0.000000 1.611722</LocalRotation>
				<LocalTransform>1.266897 90.676468 0.000000</LocalTransform>
			</Frame>
			<Frame Frame="8">
				<LocalMatrix>-0.038645 0.999253 0.000000 0.000000 -0.999253 -0.038645 0.000000 0.000000 0.000000 0.000000 1.000000 0.000000 1.552961 90.629730 0.000000 1.000000</LocalMatrix>
				<GlobalMatrix>-0.038645 0.999253 0.000000 0.000000 -0.999253 -0.038645 0.000000 0.000000 0.000000 0.000000 1.000000 0.000000 1.552961 90.629730 0.000000 1.000000</GlobalMatrix>
				<LocalScale>1.000000 1.000000 1.000000</LocalScale>
				<LocalRotation>0.000000 -0.000000 1.609451</LocalRotation>
				<LocalTransform>1.552961 90.629730 0.000000</LocalTransform>
			</Frame>
			<Frame Frame="9">
				<LocalMatrix>-0.035216 0.999380 0.000000 0.000000 -0.999380 -0.035216 0.000000 0.000000 0.000000 0.000000 1.000000 0.000000 1.863155 90.559120 0.000000 1.000000</LocalMatrix>
				<GlobalMatrix>-0.035216 0.999380 0.000000 0.000000 -0.999380 -0.035216 0.000000 0.000000 0.000000 0.000000 1.000000 0.000000 1.863155 90.559120 0.000000 1.000000</GlobalMatrix>
				<LocalScale>1.000000 1.000000 1.000000</LocalScale>
				<LocalRotation>0.000000 -0.000000 1.606020</LocalRotation>
				<LocalTransform>1.863155 90.559120 0.000000</LocalTransform>
			</Frame>
			<Frame Frame="10">
				<LocalMatrix>-0.030918 0.999522 0.000000 0.000000 -0.999522 -0.030918 0.000000 0.000000 0.000000 0.000000 1.000000 0.000000 2.188063 90.470612 0.000000 1.000000</LocalMatrix>
				<GlobalMatrix>-0.030918 0.999522 0.000000 0.000000 -0.999522 -0.030918 0.000000 0.000000 0.000000 0.000000 1.000000 0.000000 2.188063 90.470612 0.000000 1.000000</GlobalMatrix>
				<LocalScale>1.000000 1.000000 1.000000</LocalScale>
				<LocalRotation>0.000000 -0.000000 1.601720</LocalRotation>
				<LocalTransform>2.188063 90.470612 0.000000</LocalTransform>
			</Frame>
			<Frame Frame="11">
				<LocalMatrix>-0.026040 0.999661 0.000000 0.000000 -0.999661 -0.026040 0.000000 0.000000 0.000000 0.000000 1.000000 0.000000 2.518265 90.370163 0.000000 1.000000</LocalMatrix>
				<GlobalMatrix>-0.026040 0.999661 0.000000 0.000000 -0.999661 -0.026040 0.000000 0.000000 0.000000 0.000000 1.000000 0.000000 2.518265 90.370163 0.000000 1.000000</GlobalMatrix>
				<LocalScale>1.000000 1.000000 1.000000</LocalScale>
				<LocalRotation>0.000000 -0.000000 1.596840</LocalRotation>
				<LocalTransform>2.518265 90.370163 0.000000</LocalTransform>
			</Frame>
			<Frame Frame="12">
				<LocalMatrix>-0.020872 0.999782 0.000000 0.000000 -0.999782 -0.020872 0.000000 0.000000 0.000000 0.000000 1.000000 0.000000 2.844344 90.263748 0.000000 1.000000</LocalMatrix>
				<GlobalMatrix>-0.020872 0.999782 0.000000 0.000000 -0.999782 -0.020872 0.000000 0.000000 0.000000 0.000000 1.000000 0.000000 2.844344 90.263748 0.000000 1.000000</GlobalMatrix>
				<LocalScale>1.000000 1.000000 1.000000</LocalScale>
				<LocalRotation>0.000000 -0.000000 1.591670</LocalRotation>
				<LocalTransform>2.844344 90.263748 0.000000</LocalTransform>
			</Frame>
			<Frame Frame="13">
				<LocalMatrix>-0.015703 0.999877 0.000000 0.000000 -0.999877 -0.015703 0.000000 0.000000 0.000000 0.000000 1.000000 0.000000 3.156883 90.157341 0.000000 1.000000</LocalMatrix>
				<GlobalMatrix>-0.015703 0.999877 0.000000 0.000000 -0.999877 -0.015703 0.000000 0.000000 0.000000 0.000000 1.000000 0.000000 3.156883 90.157341 0.000000 1.000000</GlobalMatrix>
				<LocalScale>1.000000 1.000000 1.000000</LocalScale>
				<LocalRotation>0.000000 -0.000000 1.586500</LocalRotation>
				<LocalTransform>3.156883 90.157341 0.000000</LocalTransform>
			</Frame>
			<Frame Frame="14">
				<LocalMatrix>-0.010823 0.999941 0.000000 0.000000 -0.999941 -0.010823 0.000000 0.000000 0.000000 0.000000 1.000000 0.000000 3.446462 90.056892 0.000000 1.000000</LocalMatrix>
				<GlobalMatrix>-0.010823 0.999941 0.000000 0.000000 -0.999941 -0.010823 0.000000 0.000000 0.000000 0.000000 1.000000 0.000000 3.446462 90.056892 0.000000 1.000000</GlobalMatrix>
				<LocalScale>1.000000 1.000000 1.000000</LocalScale>
				<LocalRotation>0.000000 -0.000000 1.581620</LocalRotation>
				<LocalTransform>3.446462 90.056892 0.000000</LocalTransform>
			</Frame>
			<Frame Frame="15">
				<LocalMatrix>-0.006523 0.999979 0.000000 0.000000 -0.999979 -0.006523 0.000000 0.000000 0.000000 0.000000 1.000000 0.000000 3.703665 89.968384 0.000000 1.000000</LocalMatrix>
				<GlobalMatrix>-0.006523 0.999979 0.000000 0.000000 -0.999979 -0.006523 0.000000 0.000000 0.000000 0.000000 1.000000 0.000000 3.703665 89.968384 0.000000 1.000000</GlobalMatrix>
				<LocalScale>1.000000 1.000000 1.000000</LocalScale>
				<LocalRotation>0.000000 -0.000000 1.577319</LocalRotation>
				<LocalTransform>3.703665 89.968384 0.000000</LocalTransform>
			</Frame>
			<Frame Frame="16">
				<LocalMatrix>-0.003092 0.999995 0.000000 0.000000 -0.999995 -0.003092 0.000000 0.000000 0.000000 0.000000 1.000000 0.000000 3.919073 89.897774 0.000000 1.000000</LocalMatrix>
				<GlobalMatrix>-0.003092 0.999995 0.000000 0.000000 -0.999995 -0.003092 0.000000 0.000000 0.000000 0.000000 1.000000 0.000000 3.919073 89.897774 0.000000 1.000000</GlobalMatrix>
				<LocalScale>1.000000 1.000000 1.000000</LocalScale>
				<LocalRotation>0.000000 -0.000000 1.573889</LocalRotation>
				<LocalTransform>3.919073 89.897774 0.000000</LocalTransform>
			</Frame>
			<Frame Frame="17">
				<LocalMatrix>-0.000821 1.000000 0.000000 0.000000 -1.000000 -0.000821 0.000000 0.000000 0.000000 0.000000 1.000000 0.000000 4.083268 89.851036 0.000000 1.000000</LocalMatrix>
				<GlobalMatrix>-0.000821 1.000000 0.000000 0.000000 -1.000000 -0.000821 0.000000 0.000000 0.000000 0.000000 1.000000 0.000000 4.083268 89.851036 0.000000 1.000000</GlobalMatrix>
				<LocalScale>1.000000 1.000000 1.000000</LocalScale>
				<LocalRotation>0.000000 -0.000000 1.571618</LocalRotation>
				<LocalTransform>4.083268 89.851036 0.000000</LocalTransform>
			</Frame>
			<Frame Frame="18">
				<LocalMatrix>0.000000 1.000000 0.000000 0.000000 -1.000000 0.000000 0.000000 0.000000 0.000000 0.000000 1.000000 0.000000 4.186832 89.834129 0.000000 1.000000</LocalMatrix>
				<GlobalMatrix>0.000000 1.000000 0.000000 0.000000 -1.000000 0.000000 0.000000 0.000000 0.000000 0.000000 1.000000 0.000000 4.186832 89.834129 0.000000 1.000000</GlobalMatrix>
				<LocalScale>1.000000 1.000000 1.000000</LocalScale>
				<LocalRotation>0.000000 -0.000000 1.570796</LocalRotation>
				<LocalTransform>4.186832 89.834129 0.000000</LocalTransform>
			</Frame>
			<Frame Frame="19">
				<LocalMatrix>0.000000 1.000000 0.000000 0.000000 -1.000000 0.000000 0.000000 0.000000 0.000000 0.000000 1.000000 0.000000 4.248207 89.834129 0.000000 1.000000</LocalMatrix>
				<GlobalMatrix>0.000000 1.000000 0.000000 0.000000 -1.000000 0.000000 0.000000 0.000000 0.000000 0.000000 1.000000 0.000000 4.248207 89.834129 0.000000 1.000000</GlobalMatrix>
				<LocalScale>1.000000 1.000000 1.000000</LocalScale>
				<LocalRotation>0.000000 -0.000000 1.570796</LocalRotation>
				<LocalTransform>4.248207 89.834129 0.000000</LocalTransform>
			</Frame>
			<Frame Frame="20">
				<LocalMatrix>0.000000 1.000000 0.000000 0.000000 -1.000000 0.000000 0.000000 0.000000 0.000000 0.000000 1.000000 0.000000 4.293478 89.834129 0.000000 1.000000</LocalMatrix>
				<GlobalMatrix>0.000000 1.000000 0.000000 0.000000 -1.000000 0.000000 0.000000 0.000000 0.000000 0.000000 1.000000 0.000000 4.293478 89.834129 0.000000 1.000000</GlobalMatrix>
				<LocalScale>1.000000 1.000000 1.000000</LocalScale>
				<LocalRotation>0.000000 -0.000000 1.570796</LocalRotation>
				<LocalTransform>4.293478 89.834129 0.000000</LocalTransform>
			</Frame>
			<Frame Frame="21">
				<LocalMatrix>0.000000 1.000000 0.000000 0.000000 -1.000000 0.000000 0.000000 0.000000 0.000000 0.000000 1.000000 0.000000 4.324697 89.834129 0.000000 1.000000</LocalMatrix>
				<GlobalMatrix>0.000000 1.000000 0.000000 0.000000 -1.000000 0.000000 0.000000 0.000000 0.000000 0.000000 1.000000 0.000000 4.324697 89.834129 0.000000 1.000000</GlobalMatrix>
				<LocalScale>1.000000 1.000000 1.000000</LocalScale>
				<LocalRotation>0.000000 -0.000000 1.570796</LocalRotation>
				<LocalTransform>4.324697 89.834129 0.000000</LocalTransform>
			</Frame>
			<Frame Frame="22">
				<LocalMatrix>0.000000 1.000000 0.000000 0.000000 -1.000000 0.000000 0.000000 0.000000 0.000000 0.000000 1.000000 0.000000 4.343917 89.834129 0.000000 1.000000</LocalMatrix>
				<GlobalMatrix>0.000000 1.000000 0.000000 0.000000 -1.000000 0.000000 0.000000 0.000000 0.000000 0.000000 1.000000 0.000000 4.343917 89.834129 0.000000 1.000000</GlobalMatrix>
				<LocalScale>1.000000 1.000000 1.000000</LocalScale>
				<LocalRotation>0.000000 -0.000000 1.570796</LocalRotation>
				<LocalTransform>4.343917 89.834129 0.000000</LocalTransform>
			</Frame>
			<Frame Frame="23">
				<LocalMatrix>0.000000 1.000000 0.000000 0.000000 -1.000000 0.000000 0.000000 0.000000 0.000000 0.000000 1.000000 0.000000 4.353191 89.834129 0.000000 1.000000</LocalMatrix>
				<GlobalMatrix>0.000000 1.000000 0.000000 0.000000 -1.000000 0.000000 0.000000 0.000000 0.000000 0.000000 1.000000 0.000000 4.353191 89.834129 0.000000 1.000000</GlobalMatrix>
				<LocalScale>1.000000 1.000000 1.000000</LocalScale>
				<LocalRotation>0.000000 -0.000000 1.570796</LocalRotation>
				<LocalTransform>4.353191 89.834129 0.000000</LocalTransform>
			</Frame>
			<Frame Frame="24">
				<LocalMatrix>0.000000 1.000000 0.000000 0.000000 -1.000000 0.000000 0.000000 0.000000 0.000000 0.000000 1.000000 0.000000 4.354569 89.834129 0.000000 1.000000</LocalMatrix>
				<GlobalMatrix>0.000000 1.000000 0.000000 0.000000 -1.000000 0.000000 0.000000 0.000000 0.000000 0.000000 1.000000 0.000000 4.354569 89.834129 0.000000 1.000000</GlobalMatrix>
				<LocalScale>1.000000 1.000000 1.000000</LocalScale>
				<LocalRotation>0.000000 -0.000000 1.570796</LocalRotation>
				<LocalTransform>4.354569 89.834129 0.000000</LocalTransform>
			</Frame>
			<Frame Frame="25">
				<LocalMatrix>0.000000 1.000000 0.000000 0.000000 -1.000000 0.000000 0.000000 0.000000 0.000000 0.000000 1.000000 0.000000 4.350105 89.834129 0.000000 1.000000</LocalMatrix>
				<GlobalMatrix>0.000000 1.000000 0.000000 0.000000 -1.000000 0.000000 0.000000 0.000000 0.000000 0.000000 1.000000 0.000000 4.350105 89.834129 0.000000 1.000000</GlobalMatrix>
				<LocalScale>1.000000 1.000000 1.000000</LocalScale>
				<LocalRotation>0.000000 -0.000000 1.570796</LocalRotation>
				<LocalTransform>4.350105 89.834129 0.000000</LocalTransform>
			</Frame>
			<Frame Frame="26">
				<LocalMatrix>0.000000 1.000000 0.000000 0.000000 -1.000000 0.000000 0.000000 0.000000 0.000000 0.000000 1.000000 0.000000 4.341851 89.834129 0.000000 1.000000</LocalMatrix>
				<GlobalMatrix>0.000000 1.000000 0.000000 0.000000 -1.000000 0.000000 0.000000 0.000000 0.000000 0.000000 1.000000 0.000000 4.341851 89.834129 0.000000 1.000000</GlobalMatrix>
				<LocalScale>1.000000 1.000000 1.000000</LocalScale>
				<LocalRotation>0.000000 -0.000000 1.570796</LocalRotation>
				<LocalTransform>4.341851 89.834129 0.000000</LocalTransform>
			</Frame>
			<Frame Frame="27">
				<LocalMatrix>0.000000 1.000000 0.000000 0.000000 -1.000000 0.000000 0.000000 0.000000 0.000000 0.000000 1.000000 0.000000 4.331859 89.834129 0.000000 1.000000</LocalMatrix>
				<GlobalMatrix>0.000000 1.000000 0.000000 0.000000 -1.000000 0.000000 0.000000 0.000000 0.000000 0.000000 1.000000 0.000000 4.331859 89.834129 0.000000 1.000000</GlobalMatrix>
				<LocalScale>1.000000 1.000000 1.000000</LocalScale>
				<LocalRotation>0.000000 -0.000000 1.570796</LocalRotation>
				<LocalTransform>4.331859 89.834129 0.000000</LocalTransform>
			</Frame>
			<Frame Frame="28">
				<LocalMatrix>0.000000 1.000000 0.000000 0.000000 -1.000000 0.000000 0.000000 0.000000 0.000000 0.000000 1.000000 0.000000 4.322181 89.834129 0.000000 1.000000</LocalMatrix>
				<GlobalMatrix>0.000000 1.000000 0.000000 0.000000 -1.000000 0.000000 0.000000 0.000000 0.000000 0.000000 1.000000 0.000000 4.322181 89.834129 0.000000 1.000000</GlobalMatrix>
				<LocalScale>1.000000 1.000000 1.000000</LocalScale>
				<LocalRotation>0.000000 -0.000000 1.570796</LocalRotation>
				<LocalTransform>4.322181 89.834129 0.000000</LocalTransform>
			</Frame>
			<Frame Frame="29">
				<LocalMatrix>0.000000 1.000000 0.000000 0.000000 -1.000000 0.000000 0.000000 0.000000 0.000000 0.000000 1.000000 0.000000 4.314869 89.834129 0.000000 1.000000</LocalMatrix>
				<GlobalMatrix>0.000000 1.000000 0.000000 0.000000 -1.000000 0.000000 0.000000 0.000000 0.000000 0.000000 1.000000 0.000000 4.314869 89.834129 0.000000 1.000000</GlobalMatrix>
				<LocalScale>1.000000 1.000000 1.000000</LocalScale>
				<LocalRotation>0.000000 -0.000000 1.570796</LocalRotation>
				<LocalTransform>4.314869 89.834129 0.000000</LocalTransform>
			</Frame>
			<Frame Frame="30">
				<LocalMatrix>0.000000 1.000000 0.000000 0.000000 -1.000000 0.000000 0.000000 0.000000 0.000000 0.000000 1.000000 0.000000 4.311975 89.834129 0.000000 1.000000</LocalMatrix>
				<GlobalMatrix>0.000000 1.000000 0.000000 0.000000 -1.000000 0.000000 0.000000 0.000000 0.000000 0.000000 1.000000 0.000000 4.311975 89.834129 0.000000 1.000000</GlobalMatrix>
				<LocalScale>1.000000 1.000000 1.000000</LocalScale>
				<LocalRotation>0.000000 -0.000000 1.570796</LocalRotation>
				<LocalTransform>4.311975 89.834129 0.000000</LocalTransform>
			</Frame>
		</Joint>
		<Joint Name="Ref:Ref:Spine1" ParentName="Ref:Ref:Waist" NeededRendering="TRUE">
			<Frame Frame="0">
				<LocalMatrix>1.000000 0.000000 0.000000 0.000000 0.000000 1.000000 0.000000 0.000000 0.000000 0.000000 1.000000 0.000000 2.722450 0.000000 0.000000 1.000000</LocalMatrix>
				<GlobalMatrix>0.000000 1.000000 0.000000 0.000000 -1.000000 0.000000 0.000000 0.000000 0.000000 0.000000 1.000000 0.000000 0.000000 92.783867 0.000000 1.000000</GlobalMatrix>
				<LocalScale>1.000000 1.000000 1.000000</LocalScale>
				<LocalRotation>0.000000 -0.000000 0.000000</LocalRotation>
				<LocalTransform>2.722450 0.000000 0.000000</LocalTransform>
			</Frame>
			<Frame Frame="1">
				<LocalMatrix>0.999989 -0.003432 -0.003342 0.000000 0.003448 0.999982 0.004969 0.000000 0.003324 -0.004980 0.999982 0.000000 2.722450 0.000000 0.000000 1.000000</LocalMatrix>
				<GlobalMatrix>0.000340 0.999994 -0.003342 0.000000 -0.999988 0.000356 0.004969 0.000000 0.004970 0.003340 0.999982 0.000000 0.034415 92.830666 0.000000 1.000000</GlobalMatrix>
				<LocalScale>1.000000 1.000000 1.000000</LocalScale>
				<LocalRotation>0.004969 0.003342 -0.003432</LocalRotation>
				<LocalTransform>2.722450 0.000000 0.000000</LocalTransform>
			</Frame>
			<Frame Frame="2">
				<LocalMatrix>0.999861 -0.011865 -0.011694 0.000000 0.012068 0.999776 0.017389 0.000000 0.011485 -0.017528 0.999780 0.000000 2.722450 0.000000 0.000000 1.000000</LocalMatrix>
				<GlobalMatrix>0.001043 0.999931 -0.011694 0.000000 -0.999848 0.001246 0.017389 0.000000 0.017403 0.011674 0.999780 0.000000 0.130144 92.947548 0.000000 1.000000</GlobalMatrix>
				<LocalScale>1.000000 1.000000 1.000000</LocalScale>
				<LocalRotation>0.017391 0.011694 -0.011866</LocalRotation>
				<LocalTransform>2.722450 0.000000 0.000000</LocalTransform>
			</Frame>
			<Frame Frame="3">
				<LocalMatrix>0.999492 -0.022513 -0.022541 0.000000 0.023262 0.999167 0.033532 0.000000 0.021768 -0.034039 0.999183 0.000000 2.722450 0.000000 0.000000 1.000000</LocalMatrix>
				<GlobalMatrix>0.001647 0.999745 -0.022541 0.000000 -0.999435 0.002403 0.033532 0.000000 0.033578 0.022473 0.999183 0.000000 0.275917 93.099258 0.000000 1.000000</GlobalMatrix>
				<LocalScale>1.000000 1.000000 1.000000</LocalScale>
				<LocalRotation>0.033547 0.022543 -0.022521</LocalRotation>
				<LocalTransform>2.722450 0.000000 0.000000</LocalTransform>
			</Frame>
			<Frame Frame="4">
				<LocalMatrix>0.998905 -0.032800 -0.033369 0.000000 0.034435 0.998172 0.049666 0.000000 0.031679 -0.050761 0.998208 0.000000 2.722450 0.000000 0.000000 1.000000</LocalMatrix>
				<GlobalMatrix>0.001900 0.999441 -0.033369 0.000000 -0.998760 0.003557 0.049666 0.000000 0.049757 0.033233 0.998208 0.000000 0.460463 93.250687 0.000000 1.000000</GlobalMatrix>
				<LocalScale>1.000000 1.000000 1.000000</LocalScale>
				<LocalRotation>0.049714 0.033375 -0.032824</LocalRotation>
				<LocalTransform>2.722450 0.000000 0.000000</LocalTransform>
			</Frame>
			<Frame Frame="5">
				<LocalMatrix>0.998311 -0.040466 -0.041677 0.000000 0.043009 0.997145 0.062068 0.000000 0.039047 -0.063756 0.997201 0.000000 2.722450 0.000000 0.000000 1.000000</LocalMatrix>
				<GlobalMatrix>0.001856 0.999129 -0.041677 0.000000 -0.998062 0.004443 0.062068 0.000000 0.062199 0.041481 0.997201 0.000000 0.672505 93.366982 0.000000 1.000000</GlobalMatrix>
				<LocalScale>1.000000 1.000000 1.000000</LocalScale>
				<LocalRotation>0.062162 0.041690 -0.040512</LocalRotation>
				<LocalTransform>2.722450 0.000000 0.000000</LocalTransform>
			</Frame>
			<Frame Frame="6">
				<LocalMatrix>0.998041 -0.043471 -0.044995 0.000000 0.046433 0.996670 0.067026 0.000000 0.041931 -0.068984 0.996736 0.000000 2.722450 0.000000 0.000000 1.000000</LocalMatrix>
				<GlobalMatrix>0.001780 0.998986 -0.044995 0.000000 -0.997740 0.004797 0.067026 0.000000 0.067174 0.044774 0.996736 0.000000 0.900761 93.413452 0.000000 1.000000</GlobalMatrix>
				<LocalScale>1.000000 1.000000 1.000000</LocalScale>
				<LocalRotation>0.067145 0.045010 -0.043529</LocalRotation>
				<LocalTransform>2.722450 0.000000 0.000000</LocalTransform>
			</Frame>
			<Frame Frame="7">
				<LocalMatrix>0.998115 -0.042676 -0.044114 0.000000 0.045524 0.996800 0.065709 0.000000 0.041169 -0.067594 0.996863 0.000000 2.722450 0.000000 0.000000 1.000000</LocalMatrix>
				<GlobalMatrix>0.001804 0.999025 -0.044114 0.000000 -0.997828 0.004703 0.065709 0.000000 0.065853 0.043900 0.996863 0.000000 1.155511 93.396637 0.000000 1.000000</GlobalMatrix>
				<LocalScale>1.000000 1.000000 1.000000</LocalScale>
				<LocalRotation>0.065821 0.044128 -0.042731</LocalRotation>
				<LocalTransform>2.722450 0.000000 0.000000</LocalTransform>
			</Frame>
			<Frame Frame="8">
				<LocalMatrix>0.998311 -0.040466 -0.041677 0.000000 0.043009 0.997145 0.062068 0.000000 0.039047 -0.063756 0.997201 0.000000 2.722450 0.000000 0.000000 1.000000</LocalMatrix>
				<GlobalMatrix>0.001856 0.999129 -0.041677 0.000000 -0.998062 0.004443 0.062068 0.000000 0.062199 0.041481 0.997201 0.000000 1.447753 93.350143 0.000000 1.000000</GlobalMatrix>
				<LocalScale>1.000000 1.000000 1.000000</LocalScale>
				<LocalRotation>0.062162 0.041690 -0.040512</LocalRotation>
				<LocalTransform>2.722450 0.000000 0.000000</LocalTransform>
			</Frame>
			<Frame Frame="9">
				<LocalMatrix>0.998589 -0.037091 -0.037993 0.000000 0.039207 0.997629 0.056566 0.000000 0.035805 -0.057975 0.997676 0.000000 2.722450 0.000000 0.000000 1.000000</LocalMatrix>
				<GlobalMatrix>0.001901 0.999276 -0.037993 0.000000 -0.998391 0.004050 0.056566 0.000000 0.056679 0.037824 0.997676 0.000000 1.767281 93.279877 0.000000 1.000000</GlobalMatrix>
				<LocalScale>1.000000 1.000000 1.000000</LocalScale>
				<LocalRotation>0.056637 0.038002 -0.037126</LocalRotation>
				<LocalTransform>2.722450 0.000000 0.000000</LocalTransform>
			</Frame>
			<Frame Frame="10">
				<LocalMatrix>0.998905 -0.032800 -0.033369 0.000000 0.034435 0.998172 0.049666 0.000000 0.031679 -0.050761 0.998208 0.000000 2.722450 0.000000 0.000000 1.000000</LocalMatrix>
				<GlobalMatrix>0.001900 0.999441 -0.033369 0.000000 -0.998760 0.003557 0.049666 0.000000 0.049757 0.033233 0.998208 0.000000 2.103889 93.191757 0.000000 1.000000</GlobalMatrix>
				<LocalScale>1.000000 1.000000 1.000000</LocalScale>
				<LocalRotation>0.049714 0.033375 -0.032824</LocalRotation>
				<LocalTransform>2.722450 0.000000 0.000000</LocalTransform>
			</Frame>
			<Frame Frame="11">
				<LocalMatrix>0.999217 -0.027850 -0.028114 0.000000 0.029013 0.998703 0.041833 0.000000 0.026913 -0.042616 0.998729 0.000000 2.722450 0.000000 0.000000 1.000000</LocalMatrix>
				<GlobalMatrix>0.001821 0.999603 -0.028114 0.000000 -0.999120 0.002997 0.041833 0.000000 0.041901 0.028013 0.998729 0.000000 2.447372 93.091690 0.000000 1.000000</GlobalMatrix>
				<LocalScale>1.000000 1.000000 1.000000</LocalScale>
				<LocalRotation>0.041862 0.028118 -0.027865</LocalRotation>
				<LocalTransform>2.722450 0.000000 0.000000</LocalTransform>
			</Frame>
			<Frame Frame="12">
				<LocalMatrix>0.999492 -0.022513 -0.022541 0.000000 0.023262 0.999167 0.033532 0.000000 0.021768 -0.034039 0.999183 0.000000 2.722450 0.000000 0.000000 1.000000</LocalMatrix>
				<GlobalMatrix>0.001647 0.999745 -0.022541 0.000000 -0.999435 0.002403 0.033532 0.000000 0.033578 0.022473 0.999183 0.000000 2.787522 92.985611 0.000000 1.000000</GlobalMatrix>
				<LocalScale>1.000000 1.000000 1.000000</LocalScale>
				<LocalRotation>0.033547 0.022543 -0.022521</LocalRotation>
				<LocalTransform>2.722450 0.000000 0.000000</LocalTransform>
			</Frame>
			<Frame Frame="13">
				<LocalMatrix>0.999710 -0.017080 -0.016963 0.000000 0.017505 0.999528 0.025229 0.000000 0.016524 -0.025518 0.999538 0.000000 2.722450 0.000000 0.000000 1.000000</LocalMatrix>
				<GlobalMatrix>0.001380 0.999855 -0.016963 0.000000 -0.999680 0.001808 0.025229 0.000000 0.025256 0.016923 0.999538 0.000000 3.114133 92.879456 0.000000 1.000000</GlobalMatrix>
				<LocalScale>1.000000 1.000000 1.000000</LocalScale>
				<LocalRotation>0.025235 0.016964 -0.017084</LocalRotation>
				<LocalTransform>2.722450 0.000000 0.000000</LocalTransform>
			</Frame>
			<Frame Frame="14">
				<LocalMatrix>0.999861 -0.011865 -0.011694 0.000000 0.012068 0.999776 0.017389 0.000000 0.011485 -0.017528 0.999780 0.000000 2.722450 0.000000 0.000000 1.000000</LocalMatrix>
				<GlobalMatrix>0.001043 0.999931 -0.011694 0.000000 -0.999848 0.001246 0.017389 0.000000 0.017403 0.011674 0.999780 0.000000 3.416997 92.779182 0.000000 1.000000</GlobalMatrix>
				<LocalScale>1.000000 1.000000 1.000000</LocalScale>
				<LocalRotation>0.017391 0.011694 -0.011866</LocalRotation>
				<LocalTransform>2.722450 0.000000 0.000000</LocalTransform>
			</Frame>
			<Frame Frame="15">
				<LocalMatrix>0.999949 -0.007200 -0.007048 0.000000 0.007274 0.999919 0.010481 0.000000 0.006972 -0.010531 0.999920 0.000000 2.722450 0.000000 0.000000 1.000000</LocalMatrix>
				<GlobalMatrix>0.000677 0.999975 -0.007048 0.000000 -0.999945 0.000751 0.010481 0.000000 0.010486 0.007041 0.999920 0.000000 3.685906 92.690773 0.000000 1.000000</GlobalMatrix>
