<?xml version='1.0' encoding='utf-8' ?>
<GfMotion version="0.7" FrameSize="24" CurrrentUnit="ntsc">
	<Source Path="C:\next\next_3d\chara\tr0001\scenes\tr0001_00_fi20_walk01.mb" TargetNode="none"/>
	<UvAnimation/>
	<BlendShapeAnimation/>
	<VisibilityAnimation>
		<Mesh Name="Ref:Ref:capShape">
			<IsVisible Frame="0">true</IsVisible>
			<IsVisible Frame="1">true</IsVisible>
			<IsVisible Frame="2">true</IsVisible>
			<IsVisible Frame="3">true</IsVisible>
			<IsVisible Frame="4">true</IsVisible>
			<IsVisible Frame="5">true</IsVisible>
			<IsVisible Frame="6">true</IsVisible>
			<IsVisible Frame="7">true</IsVisible>
			<IsVisible Frame="8">true</IsVisible>
			<IsVisible Frame="9">true</IsVisible>
			<IsVisible Frame="10">true</IsVisible>
			<IsVisible Frame="11">true</IsVisible>
			<IsVisible Frame="12">true</IsVisible>
			<IsVisible Frame="13">true</IsVisible>
			<IsVisible Frame="14">true</IsVisible>
			<IsVisible Frame="15">true</IsVisible>
			<IsVisible Frame="16">true</IsVisible>
			<IsVisible Frame="17">true</IsVisible>
			<IsVisible Frame="18">true</IsVisible>
			<IsVisible Frame="19">true</IsVisible>
			<IsVisible Frame="20">true</IsVisible>
			<IsVisible Frame="21">true</IsVisible>
			<IsVisible Frame="22">true</IsVisible>
			<IsVisible Frame="23">true</IsVisible>
			<IsVisible Frame="24">true</IsVisible>
		</Mesh>
		<Mesh Name="Ref:Ref:hairShape">
			<IsVisible Frame="0">true</IsVisible>
			<IsVisible Frame="1">true</IsVisible>
			<IsVisible Frame="2">true</IsVisible>
			<IsVisible Frame="3">true</IsVisible>
			<IsVisible Frame="4">true</IsVisible>
			<IsVisible Frame="5">true</IsVisible>
			<IsVisible Frame="6">true</IsVisible>
			<IsVisible Frame="7">true</IsVisible>
			<IsVisible Frame="8">true</IsVisible>
			<IsVisible Frame="9">true</IsVisible>
			<IsVisible Frame="10">true</IsVisible>
			<IsVisible Frame="11">true</IsVisible>
			<IsVisible Frame="12">true</IsVisible>
			<IsVisible Frame="13">true</IsVisible>
			<IsVisible Frame="14">true</IsVisible>
			<IsVisible Frame="15">true</IsVisible>
			<IsVisible Frame="16">true</IsVisible>
			<IsVisible Frame="17">true</IsVisible>
			<IsVisible Frame="18">true</IsVisible>
			<IsVisible Frame="19">true</IsVisible>
			<IsVisible Frame="20">true</IsVisible>
			<IsVisible Frame="21">true</IsVisible>
			<IsVisible Frame="22">true</IsVisible>
			<IsVisible Frame="23">true</IsVisible>
			<IsVisible Frame="24">true</IsVisible>
		</Mesh>
		<Mesh Name="Ref:Ref:faceShape">
			<IsVisible Frame="0">true</IsVisible>
			<IsVisible Frame="1">true</IsVisible>
			<IsVisible Frame="2">true</IsVisible>
			<IsVisible Frame="3">true</IsVisible>
			<IsVisible Frame="4">true</IsVisible>
			<IsVisible Frame="5">true</IsVisible>
			<IsVisible Frame="6">true</IsVisible>
			<IsVisible Frame="7">true</IsVisible>
			<IsVisible Frame="8">true</IsVisible>
			<IsVisible Frame="9">true</IsVisible>
			<IsVisible Frame="10">true</IsVisible>
			<IsVisible Frame="11">true</IsVisible>
			<IsVisible Frame="12">true</IsVisible>
			<IsVisible Frame="13">true</IsVisible>
			<IsVisible Frame="14">true</IsVisible>
			<IsVisible Frame="15">true</IsVisible>
			<IsVisible Frame="16">true</IsVisible>
			<IsVisible Frame="17">true</IsVisible>
			<IsVisible Frame="18">true</IsVisible>
			<IsVisible Frame="19">true</IsVisible>
			<IsVisible Frame="20">true</IsVisible>
			<IsVisible Frame="21">true</IsVisible>
			<IsVisible Frame="22">true</IsVisible>
			<IsVisible Frame="23">true</IsVisible>
			<IsVisible Frame="24">true</IsVisible>
		</Mesh>
		<Mesh Name="Ref:Ref:mouthShape">
			<IsVisible Frame="0">true</IsVisible>
			<IsVisible Frame="1">true</IsVisible>
			<IsVisible Frame="2">true</IsVisible>
			<IsVisible Frame="3">true</IsVisible>
			<IsVisible Frame="4">true</IsVisible>
			<IsVisible Frame="5">true</IsVisible>
			<IsVisible Frame="6">true</IsVisible>
			<IsVisible Frame="7">true</IsVisible>
			<IsVisible Frame="8">true</IsVisible>
			<IsVisible Frame="9">true</IsVisible>
			<IsVisible Frame="10">true</IsVisible>
			<IsVisible Frame="11">true</IsVisible>
			<IsVisible Frame="12">true</IsVisible>
			<IsVisible Frame="13">true</IsVisible>
			<IsVisible Frame="14">true</IsVisible>
			<IsVisible Frame="15">true</IsVisible>
			<IsVisible Frame="16">true</IsVisible>
			<IsVisible Frame="17">true</IsVisible>
			<IsVisible Frame="18">true</IsVisible>
			<IsVisible Frame="19">true</IsVisible>
			<IsVisible Frame="20">true</IsVisible>
			<IsVisible Frame="21">true</IsVisible>
			<IsVisible Frame="22">true</IsVisible>
			<IsVisible Frame="23">true</IsVisible>
			<IsVisible Frame="24">true</IsVisible>
		</Mesh>
		<Mesh Name="Ref:Ref:toothShape">
			<IsVisible Frame="0">true</IsVisible>
			<IsVisible Frame="1">true</IsVisible>
			<IsVisible Frame="2">true</IsVisible>
			<IsVisible Frame="3">true</IsVisible>
			<IsVisible Frame="4">true</IsVisible>
			<IsVisible Frame="5">true</IsVisible>
			<IsVisible Frame="6">true</IsVisible>
			<IsVisible Frame="7">true</IsVisible>
			<IsVisible Frame="8">true</IsVisible>
			<IsVisible Frame="9">true</IsVisible>
			<IsVisible Frame="10">true</IsVisible>
			<IsVisible Frame="11">true</IsVisible>
			<IsVisible Frame="12">true</IsVisible>
			<IsVisible Frame="13">true</IsVisible>
			<IsVisible Frame="14">true</IsVisible>
			<IsVisible Frame="15">true</IsVisible>
			<IsVisible Frame="16">true</IsVisible>
			<IsVisible Frame="17">true</IsVisible>
			<IsVisible Frame="18">true</IsVisible>
			<IsVisible Frame="19">true</IsVisible>
			<IsVisible Frame="20">true</IsVisible>
			<IsVisible Frame="21">true</IsVisible>
			<IsVisible Frame="22">true</IsVisible>
			<IsVisible Frame="23">true</IsVisible>
			<IsVisible Frame="24">true</IsVisible>
		</Mesh>
		<Mesh Name="Ref:Ref:topsShape">
			<IsVisible Frame="0">true</IsVisible>
			<IsVisible Frame="1">true</IsVisible>
			<IsVisible Frame="2">true</IsVisible>
			<IsVisible Frame="3">true</IsVisible>
			<IsVisible Frame="4">true</IsVisible>
			<IsVisible Frame="5">true</IsVisible>
			<IsVisible Frame="6">true</IsVisible>
			<IsVisible Frame="7">true</IsVisible>
			<IsVisible Frame="8">true</IsVisible>
			<IsVisible Frame="9">true</IsVisible>
			<IsVisible Frame="10">true</IsVisible>
			<IsVisible Frame="11">true</IsVisible>
			<IsVisible Frame="12">true</IsVisible>
			<IsVisible Frame="13">true</IsVisible>
			<IsVisible Frame="14">true</IsVisible>
			<IsVisible Frame="15">true</IsVisible>
			<IsVisible Frame="16">true</IsVisible>
			<IsVisible Frame="17">true</IsVisible>
			<IsVisible Frame="18">true</IsVisible>
			<IsVisible Frame="19">true</IsVisible>
			<IsVisible Frame="20">true</IsVisible>
			<IsVisible Frame="21">true</IsVisible>
			<IsVisible Frame="22">true</IsVisible>
			<IsVisible Frame="23">true</IsVisible>
			<IsVisible Frame="24">true</IsVisible>
		</Mesh>
		<Mesh Name="Ref:Ref:handShape">
			<IsVisible Frame="0">true</IsVisible>
			<IsVisible Frame="1">true</IsVisible>
			<IsVisible Frame="2">true</IsVisible>
			<IsVisible Frame="3">true</IsVisible>
			<IsVisible Frame="4">true</IsVisible>
			<IsVisible Frame="5">true</IsVisible>
			<IsVisible Frame="6">true</IsVisible>
			<IsVisible Frame="7">true</IsVisible>
			<IsVisible Frame="8">true</IsVisible>
			<IsVisible Frame="9">true</IsVisible>
			<IsVisible Frame="10">true</IsVisible>
			<IsVisible Frame="11">true</IsVisible>
			<IsVisible Frame="12">true</IsVisible>
			<IsVisible Frame="13">true</IsVisible>
			<IsVisible Frame="14">true</IsVisible>
			<IsVisible Frame="15">true</IsVisible>
			<IsVisible Frame="16">true</IsVisible>
			<IsVisible Frame="17">true</IsVisible>
			<IsVisible Frame="18">true</IsVisible>
			<IsVisible Frame="19">true</IsVisible>
			<IsVisible Frame="20">true</IsVisible>
			<IsVisible Frame="21">true</IsVisible>
			<IsVisible Frame="22">true</IsVisible>
			<IsVisible Frame="23">true</IsVisible>
			<IsVisible Frame="24">true</IsVisible>
		</Mesh>
		<Mesh Name="Ref:Ref:bagShape">
			<IsVisible Frame="0">true</IsVisible>
			<IsVisible Frame="1">true</IsVisible>
			<IsVisible Frame="2">true</IsVisible>
			<IsVisible Frame="3">true</IsVisible>
			<IsVisible Frame="4">true</IsVisible>
			<IsVisible Frame="5">true</IsVisible>
			<IsVisible Frame="6">true</IsVisible>
			<IsVisible Frame="7">true</IsVisible>
			<IsVisible Frame="8">true</IsVisible>
			<IsVisible Frame="9">true</IsVisible>
			<IsVisible Frame="10">true</IsVisible>
			<IsVisible Frame="11">true</IsVisible>
			<IsVisible Frame="12">true</IsVisible>
			<IsVisible Frame="13">true</IsVisible>
			<IsVisible Frame="14">true</IsVisible>
			<IsVisible Frame="15">true</IsVisible>
			<IsVisible Frame="16">true</IsVisible>
			<IsVisible Frame="17">true</IsVisible>
			<IsVisible Frame="18">true</IsVisible>
			<IsVisible Frame="19">true</IsVisible>
			<IsVisible Frame="20">true</IsVisible>
			<IsVisible Frame="21">true</IsVisible>
			<IsVisible Frame="22">true</IsVisible>
			<IsVisible Frame="23">true</IsVisible>
			<IsVisible Frame="24">true</IsVisible>
		</Mesh>
		<Mesh Name="Ref:Ref:m_ballShape">
			<IsVisible Frame="0">true</IsVisible>
			<IsVisible Frame="1">true</IsVisible>
			<IsVisible Frame="2">true</IsVisible>
			<IsVisible Frame="3">true</IsVisible>
			<IsVisible Frame="4">true</IsVisible>
			<IsVisible Frame="5">true</IsVisible>
			<IsVisible Frame="6">true</IsVisible>
			<IsVisible Frame="7">true</IsVisible>
			<IsVisible Frame="8">true</IsVisible>
			<IsVisible Frame="9">true</IsVisible>
			<IsVisible Frame="10">true</IsVisible>
			<IsVisible Frame="11">true</IsVisible>
			<IsVisible Frame="12">true</IsVisible>
			<IsVisible Frame="13">true</IsVisible>
			<IsVisible Frame="14">true</IsVisible>
			<IsVisible Frame="15">true</IsVisible>
			<IsVisible Frame="16">true</IsVisible>
			<IsVisible Frame="17">true</IsVisible>
			<IsVisible Frame="18">true</IsVisible>
			<IsVisible Frame="19">true</IsVisible>
			<IsVisible Frame="20">true</IsVisible>
			<IsVisible Frame="21">true</IsVisible>
			<IsVisible Frame="22">true</IsVisible>
			<IsVisible Frame="23">true</IsVisible>
			<IsVisible Frame="24">true</IsVisible>
		</Mesh>
		<Mesh Name="Ref:Ref:bottomsShape">
			<IsVisible Frame="0">true</IsVisible>
			<IsVisible Frame="1">true</IsVisible>
			<IsVisible Frame="2">true</IsVisible>
			<IsVisible Frame="3">true</IsVisible>
			<IsVisible Frame="4">true</IsVisible>
			<IsVisible Frame="5">true</IsVisible>
			<IsVisible Frame="6">true</IsVisible>
			<IsVisible Frame="7">true</IsVisible>
			<IsVisible Frame="8">true</IsVisible>
			<IsVisible Frame="9">true</IsVisible>
			<IsVisible Frame="10">true</IsVisible>
			<IsVisible Frame="11">true</IsVisible>
			<IsVisible Frame="12">true</IsVisible>
			<IsVisible Frame="13">true</IsVisible>
			<IsVisible Frame="14">true</IsVisible>
			<IsVisible Frame="15">true</IsVisible>
			<IsVisible Frame="16">true</IsVisible>
			<IsVisible Frame="17">true</IsVisible>
			<IsVisible Frame="18">true</IsVisible>
			<IsVisible Frame="19">true</IsVisible>
			<IsVisible Frame="20">true</IsVisible>
			<IsVisible Frame="21">true</IsVisible>
			<IsVisible Frame="22">true</IsVisible>
			<IsVisible Frame="23">true</IsVisible>
			<IsVisible Frame="24">true</IsVisible>
		</Mesh>
		<Mesh Name="Ref:Ref:legShape">
			<IsVisible Frame="0">true</IsVisible>
			<IsVisible Frame="1">true</IsVisible>
			<IsVisible Frame="2">true</IsVisible>
			<IsVisible Frame="3">true</IsVisible>
			<IsVisible Frame="4">true</IsVisible>
			<IsVisible Frame="5">true</IsVisible>
			<IsVisible Frame="6">true</IsVisible>
			<IsVisible Frame="7">true</IsVisible>
			<IsVisible Frame="8">true</IsVisible>
			<IsVisible Frame="9">true</IsVisible>
			<IsVisible Frame="10">true</IsVisible>
			<IsVisible Frame="11">true</IsVisible>
			<IsVisible Frame="12">true</IsVisible>
			<IsVisible Frame="13">true</IsVisible>
			<IsVisible Frame="14">true</IsVisible>
			<IsVisible Frame="15">true</IsVisible>
			<IsVisible Frame="16">true</IsVisible>
			<IsVisible Frame="17">true</IsVisible>
			<IsVisible Frame="18">true</IsVisible>
			<IsVisible Frame="19">true</IsVisible>
			<IsVisible Frame="20">true</IsVisible>
			<IsVisible Frame="21">true</IsVisible>
			<IsVisible Frame="22">true</IsVisible>
			<IsVisible Frame="23">true</IsVisible>
			<IsVisible Frame="24">true</IsVisible>
		</Mesh>
		<Mesh Name="Ref:Ref:bootsShape">
			<IsVisible Frame="0">true</IsVisible>
			<IsVisible Frame="1">true</IsVisible>
			<IsVisible Frame="2">true</IsVisible>
			<IsVisible Frame="3">true</IsVisible>
			<IsVisible Frame="4">true</IsVisible>
			<IsVisible Frame="5">true</IsVisible>
			<IsVisible Frame="6">true</IsVisible>
			<IsVisible Frame="7">true</IsVisible>
			<IsVisible Frame="8">true</IsVisible>
			<IsVisible Frame="9">true</IsVisible>
			<IsVisible Frame="10">true</IsVisible>
			<IsVisible Frame="11">true</IsVisible>
			<IsVisible Frame="12">true</IsVisible>
			<IsVisible Frame="13">true</IsVisible>
			<IsVisible Frame="14">true</IsVisible>
			<IsVisible Frame="15">true</IsVisible>
			<IsVisible Frame="16">true</IsVisible>
			<IsVisible Frame="17">true</IsVisible>
			<IsVisible Frame="18">true</IsVisible>
			<IsVisible Frame="19">true</IsVisible>
			<IsVisible Frame="20">true</IsVisible>
			<IsVisible Frame="21">true</IsVisible>
			<IsVisible Frame="22">true</IsVisible>
			<IsVisible Frame="23">true</IsVisible>
			<IsVisible Frame="24">true</IsVisible>
		</Mesh>
		<Mesh Name="Ref:Ref:nomal_faceShape">
			<IsVisible Frame="0">true</IsVisible>
			<IsVisible Frame="1">true</IsVisible>
			<IsVisible Frame="2">true</IsVisible>
			<IsVisible Frame="3">true</IsVisible>
			<IsVisible Frame="4">true</IsVisible>
			<IsVisible Frame="5">true</IsVisible>
			<IsVisible Frame="6">true</IsVisible>
			<IsVisible Frame="7">true</IsVisible>
			<IsVisible Frame="8">true</IsVisible>
			<IsVisible Frame="9">true</IsVisible>
			<IsVisible Frame="10">true</IsVisible>
			<IsVisible Frame="11">true</IsVisible>
			<IsVisible Frame="12">true</IsVisible>
			<IsVisible Frame="13">true</IsVisible>
			<IsVisible Frame="14">true</IsVisible>
			<IsVisible Frame="15">true</IsVisible>
			<IsVisible Frame="16">true</IsVisible>
			<IsVisible Frame="17">true</IsVisible>
			<IsVisible Frame="18">true</IsVisible>
			<IsVisible Frame="19">true</IsVisible>
			<IsVisible Frame="20">true</IsVisible>
			<IsVisible Frame="21">true</IsVisible>
			<IsVisible Frame="22">true</IsVisible>
			<IsVisible Frame="23">true</IsVisible>
			<IsVisible Frame="24">true</IsVisible>
		</Mesh>
	</VisibilityAnimation>
	<JointAnimation>
		<Joint Name="Ref:Ref:Waist" NeededRendering="TRUE">
			<Frame Frame="0">
				<LocalMatrix>-0.034899 0.999391 0.000000 0.000000 -0.999391 -0.034899 0.000000 0.000000 0.000000 0.000000 1.000000 0.000000 -0.388391 75.232841 0.000000 1.000000</LocalMatrix>
				<GlobalMatrix>-0.034899 0.999391 0.000000 0.000000 -0.999391 -0.034899 0.000000 0.000000 0.000000 0.000000 1.000000 0.000000 -0.388391 75.232841 0.000000 1.000000</GlobalMatrix>
				<LocalScale>1.000000 1.000000 1.000000</LocalScale>
				<LocalRotation>0.000000 -0.000000 1.605703</LocalRotation>
				<LocalTransform>-0.388391 75.232841 0.000000</LocalTransform>
			</Frame>
			<Frame Frame="1">
				<LocalMatrix>-0.032954 0.999457 0.000000 0.000000 -0.998959 -0.032938 -0.031560 0.000000 -0.031543 -0.001040 0.999502 0.000000 -0.183680 75.661949 0.000000 1.000000</LocalMatrix>
				<GlobalMatrix>-0.032954 0.999457 0.000000 0.000000 -0.998959 -0.032938 -0.031560 0.000000 -0.031543 -0.001040 0.999502 0.000000 -0.183680 75.661949 0.000000 1.000000</GlobalMatrix>
				<LocalScale>1.000000 1.000000 1.000000</LocalScale>
				<LocalRotation>-0.031565 -0.000000 1.603757</LocalRotation>
				<LocalTransform>-0.183680 75.661949 0.000000</LocalTransform>
			</Frame>
			<Frame Frame="2">
				<LocalMatrix>-0.028932 0.999581 -0.000000 0.000000 -0.997744 -0.028879 -0.060607 0.000000 -0.060581 -0.001753 0.998162 0.000000 0.000000 76.008766 0.000000 1.000000</LocalMatrix>
				<GlobalMatrix>-0.028932 0.999581 -0.000000 0.000000 -0.997744 -0.028879 -0.060607 0.000000 -0.060581 -0.001753 0.998162 0.000000 0.000000 76.008766 0.000000 1.000000</GlobalMatrix>
				<LocalScale>1.000000 1.000000 1.000000</LocalScale>
				<LocalRotation>-0.060644 0.000000 1.599733</LocalRotation>
				<LocalTransform>0.000000 76.008766 0.000000</LocalTransform>
			</Frame>
			<Frame Frame="3">
				<LocalMatrix>-0.022440 0.999748 0.000000 0.000000 -0.996319 -0.022363 -0.082754 0.000000 -0.082733 -0.001857 0.996570 0.000000 0.189022 76.133682 0.000000 1.000000</LocalMatrix>
				<GlobalMatrix>-0.022440 0.999748 0.000000 0.000000 -0.996319 -0.022363 -0.082754 0.000000 -0.082733 -0.001857 0.996570 0.000000 0.189022 76.133682 0.000000 1.000000</GlobalMatrix>
				<LocalScale>1.000000 1.000000 1.000000</LocalScale>
				<LocalRotation>-0.082849 -0.000000 1.593238</LocalRotation>
				<LocalTransform>0.189022 76.133682 0.000000</LocalTransform>
			</Frame>
			<Frame Frame="4">
				<LocalMatrix>-0.014948 0.999888 0.000000 0.000000 -0.994905 -0.014873 -0.099714 0.000000 -0.099703 -0.001491 0.995016 0.000000 0.349677 75.735870 0.000000 1.000000</LocalMatrix>
				<GlobalMatrix>-0.014948 0.999888 0.000000 0.000000 -0.994905 -0.014873 -0.099714 0.000000 -0.099703 -0.001491 0.995016 0.000000 0.349677 75.735870 0.000000 1.000000</GlobalMatrix>
				<LocalScale>1.000000 1.000000 1.000000</LocalScale>
				<LocalRotation>-0.099880 -0.000000 1.585745</LocalRotation>
				<LocalTransform>0.349677 75.735870 0.000000</LocalTransform>
			</Frame>
			<Frame Frame="5">
				<LocalMatrix>-0.007290 0.999973 -0.000000 0.000000 -0.993323 -0.007242 -0.115140 0.000000 -0.115137 -0.000839 0.993349 0.000000 0.503279 74.914024 0.000000 1.000000</LocalMatrix>
				<GlobalMatrix>-0.007290 0.999973 -0.000000 0.000000 -0.993323 -0.007242 -0.115140 0.000000 -0.115137 -0.000839 0.993349 0.000000 0.503279 74.914024 0.000000 1.000000</GlobalMatrix>
				<LocalScale>1.000000 1.000000 1.000000</LocalScale>
				<LocalRotation>-0.115396 0.000000 1.578087</LocalRotation>
				<LocalTransform>0.503279 74.914024 0.000000</LocalTransform>
			</Frame>
			<Frame Frame="6">
				<LocalMatrix>0.000000 1.000000 0.000000 0.000000 -0.992546 0.000000 -0.121869 0.000000 -0.121869 0.000000 0.992546 0.000000 0.629149 74.225540 0.000000 1.000000</LocalMatrix>
				<GlobalMatrix>0.000000 1.000000 0.000000 0.000000 -0.992546 0.000000 -0.121869 0.000000 -0.121869 0.000000 0.992546 0.000000 0.629149 74.225540 0.000000 1.000000</GlobalMatrix>
				<LocalScale>1.000000 1.000000 1.000000</LocalScale>
				<LocalRotation>-0.122173 -0.000000 1.570796</LocalRotation>
				<LocalTransform>0.629149 74.225540 0.000000</LocalTransform>
			</Frame>
			<Frame Frame="7">
				<LocalMatrix>0.007824 0.999969 -0.000000 0.000000 -0.993206 0.007771 -0.116106 0.000000 -0.116102 0.000908 0.993237 0.000000 0.726159 73.857025 0.000000 1.000000</LocalMatrix>
				<GlobalMatrix>0.007824 0.999969 -0.000000 0.000000 -0.993206 0.007771 -0.116106 0.000000 -0.116102 0.000908 0.993237 0.000000 0.726159 73.857025 0.000000 1.000000</GlobalMatrix>
				<LocalScale>1.000000 1.000000 1.000000</LocalScale>
				<LocalRotation>-0.116368 0.000000 1.562972</LocalRotation>
				<LocalTransform>0.726159 73.857025 0.000000</LocalTransform>
			</Frame>
			<Frame Frame="8">
				<LocalMatrix>0.015802 0.999875 0.000000 0.000000 -0.994733 0.015721 -0.101290 0.000000 -0.101277 0.001601 0.994857 0.000000 0.774680 73.702141 0.000000 1.000000</LocalMatrix>
				<GlobalMatrix>0.015802 0.999875 0.000000 0.000000 -0.994733 0.015721 -0.101290 0.000000 -0.101277 0.001601 0.994857 0.000000 0.774680 73.702141 0.000000 1.000000</GlobalMatrix>
				<LocalScale>1.000000 1.000000 1.000000</LocalScale>
				<LocalRotation>-0.101464 -0.000000 1.554994</LocalRotation>
				<LocalTransform>0.774680 73.702141 0.000000</LocalTransform>
			</Frame>
			<Frame Frame="9">
				<LocalMatrix>0.022099 0.999756 -0.000000 0.000000 -0.996496 0.022027 -0.080687 0.000000 -0.080667 0.001783 0.996740 0.000000 0.734719 73.861816 0.000000 1.000000</LocalMatrix>
				<GlobalMatrix>0.022099 0.999756 -0.000000 0.000000 -0.996496 0.022027 -0.080687 0.000000 -0.080667 0.001783 0.996740 0.000000 0.734719 73.861816 0.000000 1.000000</GlobalMatrix>
				<LocalScale>1.000000 1.000000 1.000000</LocalScale>
				<LocalRotation>-0.080775 0.000000 1.548695</LocalRotation>
				<LocalTransform>0.734719 73.861816 0.000000</LocalTransform>
			</Frame>
			<Frame Frame="10">
				<LocalMatrix>0.028162 0.999603 0.000000 0.000000 -0.998082 0.028120 -0.055148 0.000000 -0.055126 0.001553 0.998478 0.000000 0.633846 74.260956 0.000000 1.000000</LocalMatrix>
				<GlobalMatrix>0.028162 0.999603 0.000000 0.000000 -0.998082 0.028120 -0.055148 0.000000 -0.055126 0.001553 0.998478 0.000000 0.633846 74.260956 0.000000 1.000000</GlobalMatrix>
				<LocalScale>1.000000 1.000000 1.000000</LocalScale>
				<LocalRotation>-0.055176 -0.000000 1.542630</LocalRotation>
				<LocalTransform>0.633846 74.260956 0.000000</LocalTransform>
			</Frame>
			<Frame Frame="11">
				<LocalMatrix>0.032953 0.999457 -0.000000 0.000000 -0.999086 0.032941 -0.027257 0.000000 -0.027242 0.000898 0.999628 0.000000 0.500474 74.761909 0.000000 1.000000</LocalMatrix>
				<GlobalMatrix>0.032953 0.999457 -0.000000 0.000000 -0.999086 0.032941 -0.027257 0.000000 -0.027242 0.000898 0.999628 0.000000 0.500474 74.761909 0.000000 1.000000</GlobalMatrix>
				<LocalScale>1.000000 1.000000 1.000000</LocalScale>
				<LocalRotation>-0.027260 0.000000 1.537837</LocalRotation>
				<LocalTransform>0.500474 74.761909 0.000000</LocalTransform>
			</Frame>
			<Frame Frame="12">
				<LocalMatrix>0.034899 0.999391 0.000000 0.000000 -0.999391 0.034899 0.000000 0.000000 0.000000 0.000000 1.000000 0.000000 0.358105 75.232719 0.000000 1.000000</LocalMatrix>
				<GlobalMatrix>0.034899 0.999391 0.000000 0.000000 -0.999391 0.034899 0.000000 0.000000 0.000000 0.000000 1.000000 0.000000 0.358105 75.232719 0.000000 1.000000</GlobalMatrix>
				<LocalScale>1.000000 1.000000 1.000000</LocalScale>
				<LocalRotation>0.000000 -0.000000 1.535890</LocalRotation>
				<LocalTransform>0.358105 75.232719 0.000000</LocalTransform>
			</Frame>
			<Frame Frame="13">
				<LocalMatrix>0.033465 0.999440 0.000000 0.000000 -0.999066 0.033453 0.027369 0.000000 0.027354 -0.000916 0.999625 0.000000 0.178919 75.648598 0.000000 1.000000</LocalMatrix>
				<GlobalMatrix>0.033465 0.999440 0.000000 0.000000 -0.999066 0.033453 0.027369 0.000000 0.027354 -0.000916 0.999625 0.000000 0.178919 75.648598 0.000000 1.000000</GlobalMatrix>
				<LocalScale>1.000000 1.000000 1.000000</LocalScale>
				<LocalRotation>0.027372 -0.000000 1.537325</LocalRotation>
				<LocalTransform>0.178919 75.648598 0.000000</LocalTransform>
			</Frame>
			<Frame Frame="14">
				<LocalMatrix>0.030228 0.999543 0.000000 0.000000 -0.998046 0.030183 0.054705 0.000000 0.054680 -0.001654 0.998503 0.000000 0.000000 76.008751 0.000000 1.000000</LocalMatrix>
				<GlobalMatrix>0.030228 0.999543 0.000000 0.000000 -0.998046 0.030183 0.054705 0.000000 0.054680 -0.001654 0.998503 0.000000 0.000000 76.008751 0.000000 1.000000</GlobalMatrix>
				<LocalScale>1.000000 1.000000 1.000000</LocalScale>
				<LocalRotation>0.054733 -0.000000 1.540564</LocalRotation>
				<LocalTransform>0.000000 76.008751 0.000000</LocalTransform>
			</Frame>
			<Frame Frame="15">
				<LocalMatrix>0.024080 0.999710 -0.000000 0.000000 -0.996690 0.024007 0.077672 0.000000 0.077649 -0.001870 0.996979 0.000000 -0.161863 76.133682 0.000000 1.000000</LocalMatrix>
				<GlobalMatrix>0.024080 0.999710 -0.000000 0.000000 -0.996690 0.024007 0.077672 0.000000 0.077649 -0.001870 0.996979 0.000000 -0.161863 76.133682 0.000000 1.000000</GlobalMatrix>
				<LocalScale>1.000000 1.000000 1.000000</LocalScale>
				<LocalRotation>0.077750 0.000000 1.546714</LocalRotation>
				<LocalTransform>-0.161863 76.133682 0.000000</LocalTransform>
			</Frame>
			<Frame Frame="16">
				<LocalMatrix>0.016667 0.999861 0.000000 0.000000 -0.995184 0.016589 0.096610 0.000000 0.096596 -0.001610 0.995322 0.000000 -0.320146 75.735878 0.000000 1.000000</LocalMatrix>
				<GlobalMatrix>0.016667 0.999861 0.000000 0.000000 -0.995184 0.016589 0.096610 0.000000 0.096596 -0.001610 0.995322 0.000000 -0.320146 75.735878 0.000000 1.000000</GlobalMatrix>
				<LocalScale>1.000000 1.000000 1.000000</LocalScale>
				<LocalRotation>0.096761 -0.000000 1.554129</LocalRotation>
				<LocalTransform>-0.320146 75.735878 0.000000</LocalTransform>
			</Frame>
			<Frame Frame="17">
				<LocalMatrix>0.008940 0.999960 0.000000 0.000000 -0.993423 0.008881 0.114153 0.000000 0.114149 -0.001021 0.993463 0.000000 -0.476166 74.914070 0.000000 1.000000</LocalMatrix>
				<GlobalMatrix>0.008940 0.999960 0.000000 0.000000 -0.993423 0.008881 0.114153 0.000000 0.114149 -0.001021 0.993463 0.000000 -0.476166 74.914070 0.000000 1.000000</GlobalMatrix>
				<LocalScale>1.000000 1.000000 1.000000</LocalScale>
				<LocalRotation>0.114403 -0.000000 1.561856</LocalRotation>
				<LocalTransform>-0.476166 74.914070 0.000000</LocalTransform>
			</Frame>
			<Frame Frame="18">
				<LocalMatrix>0.000000 1.000000 0.000000 0.000000 -0.992546 0.000000 0.121869 0.000000 0.121869 -0.000000 0.992546 0.000000 -0.606703 74.225624 0.000000 1.000000</LocalMatrix>
				<GlobalMatrix>0.000000 1.000000 0.000000 0.000000 -0.992546 0.000000 0.121869 0.000000 0.121869 -0.000000 0.992546 0.000000 -0.606703 74.225624 0.000000 1.000000</GlobalMatrix>
				<LocalScale>1.000000 1.000000 1.000000</LocalScale>
				<LocalRotation>0.122173 -0.000000 1.570796</LocalRotation>
				<LocalTransform>-0.606703 74.225624 0.000000</LocalTransform>
			</Frame>
			<Frame Frame="19">
				<LocalMatrix>-0.009747 0.999952 0.000000 0.000000 -0.993021 -0.009680 0.117540 0.000000 0.117535 0.001146 0.993068 0.000000 -0.711326 73.857193 0.000000 1.000000</LocalMatrix>
				<GlobalMatrix>-0.009747 0.999952 0.000000 0.000000 -0.993021 -0.009680 0.117540 0.000000 0.117535 0.001146 0.993068 0.000000 -0.711326 73.857193 0.000000 1.000000</GlobalMatrix>
				<LocalScale>1.000000 1.000000 1.000000</LocalScale>
				<LocalRotation>0.117813 -0.000000 1.580544</LocalRotation>
				<LocalTransform>-0.711326 73.857193 0.000000</LocalTransform>
			</Frame>
			<Frame Frame="20">
				<LocalMatrix>-0.018258 0.999833 0.000000 0.000000 -0.994313 -0.018157 0.104935 0.000000 0.104918 0.001916 0.994479 0.000000 -0.770020 73.702400 0.000000 1.000000</LocalMatrix>
				<GlobalMatrix>-0.018258 0.999833 0.000000 0.000000 -0.994313 -0.018157 0.104935 0.000000 0.104918 0.001916 0.994479 0.000000 -0.770020 73.702400 0.000000 1.000000</GlobalMatrix>
				<LocalScale>1.000000 1.000000 1.000000</LocalScale>
				<LocalRotation>0.105129 -0.000000 1.589055</LocalRotation>
				<LocalTransform>-0.770020 73.702400 0.000000</LocalTransform>
			</Frame>
			<Frame Frame="21">
				<LocalMatrix>-0.024438 0.999701 0.000000 0.000000 -0.996089 -0.024349 0.084940 0.000000 0.084915 0.002076 0.996386 0.000000 -0.744484 73.858414 0.000000 1.000000</LocalMatrix>
				<GlobalMatrix>-0.024438 0.999701 0.000000 0.000000 -0.996089 -0.024349 0.084940 0.000000 0.084915 0.002076 0.996386 0.000000 -0.744484 73.858414 0.000000 1.000000</GlobalMatrix>
				<LocalScale>1.000000 1.000000 1.000000</LocalScale>
				<LocalRotation>0.085043 -0.000000 1.595237</LocalRotation>
				<LocalTransform>-0.744484 73.858414 0.000000</LocalTransform>
			</Frame>
			<Frame Frame="22">
				<LocalMatrix>-0.029660 0.999560 -0.000000 0.000000 -0.997754 -0.029607 0.060085 0.000000 0.060059 0.001782 0.998193 0.000000 -0.677957 74.239738 0.000000 1.000000</LocalMatrix>
				<GlobalMatrix>-0.029660 0.999560 -0.000000 0.000000 -0.997754 -0.029607 0.060085 0.000000 0.060059 0.001782 0.998193 0.000000 -0.677957 74.239738 0.000000 1.000000</GlobalMatrix>
				<LocalScale>1.000000 1.000000 1.000000</LocalScale>
				<LocalRotation>0.060122 0.000000 1.600461</LocalRotation>
				<LocalTransform>-0.677957 74.239738 0.000000</LocalTransform>
			</Frame>
			<Frame Frame="23">
				<LocalMatrix>-0.033442 0.999441 0.000000 0.000000 -0.998945 -0.033426 0.031489 0.000000 0.031472 0.001053 0.999504 0.000000 -0.564996 74.732452 0.000000 1.000000</LocalMatrix>
				<GlobalMatrix>-0.033442 0.999441 0.000000 0.000000 -0.998945 -0.033426 0.031489 0.000000 0.031472 0.001053 0.999504 0.000000 -0.564996 74.732452 0.000000 1.000000</GlobalMatrix>
				<LocalScale>1.000000 1.000000 1.000000</LocalScale>
				<LocalRotation>0.031495 -0.000000 1.604245</LocalRotation>
				<LocalTransform>-0.564996 74.732452 0.000000</LocalTransform>
			</Frame>
			<Frame Frame="24">
				<LocalMatrix>-0.034899 0.999391 0.000000 0.000000 -0.999391 -0.034899 0.000000 0.000000 0.000000 0.000000 1.000000 0.000000 -0.388391 75.232841 0.000000 1.000000</LocalMatrix>
				<GlobalMatrix>-0.034899 0.999391 0.000000 0.000000 -0.999391 -0.034899 0.000000 0.000000 0.000000 0.000000 1.000000 0.000000 -0.388391 75.232841 0.000000 1.000000</GlobalMatrix>
				<LocalScale>1.000000 1.000000 1.000000</LocalScale>
				<LocalRotation>0.000000 -0.000000 1.605703</LocalRotation>
				<LocalTransform>-0.388391 75.232841 0.000000</LocalTransform>
			</Frame>
		</Joint>
		<Joint Name="Ref:Ref:Spine1" ParentName="Ref:Ref:Waist" NeededRendering="TRUE">
			<Frame Frame="0">
				<LocalMatrix>0.998311 -0.034862 0.046478 0.000000 0.034899 0.999391 -0.000000 0.000000 -0.046450 0.001622 0.998919 0.000000 1.065323 0.000000 0.000000 1.000000</LocalMatrix>
				<GlobalMatrix>0.000000 0.998919 0.046478 0.000000 -1.000000 0.000000 -0.000000 0.000000 -0.000000 -0.046478 0.998919 0.000000 -0.425570 76.297516 0.000000 1.000000</GlobalMatrix>
				<LocalScale>1.000000 1.000000 1.000000</LocalScale>
				<LocalRotation>-0.000000 -0.046495 -0.034907</LocalRotation>
				<LocalTransform>1.065323 0.000000 0.000000</LocalTransform>
			</Frame>
			<Frame Frame="1">
				<LocalMatrix>0.998220 -0.028601 0.052336 0.000000 0.028640 0.999590 0.000000 0.000000 -0.052314 0.001499 0.998630 0.000000 1.065323 0.000000 0.000000 1.000000</LocalMatrix>
				<GlobalMatrix>-0.005975 0.998565 0.053213 0.000000 -0.999493 -0.004299 -0.031547 0.000000 -0.031273 -0.053374 0.998085 0.000000 -0.218787 76.726692 -0.000000 1.000000</GlobalMatrix>
				<LocalScale>1.000000 1.000000 1.000000</LocalScale>
				<LocalRotation>0.000000 -0.052360 -0.028644</LocalRotation>
				<LocalTransform>1.065323 0.000000 0.000000</LocalTransform>
			</Frame>
			<Frame Frame="2">
				<LocalMatrix>0.998685 -0.021630 0.046478 0.000000 0.021653 0.999766 0.000000 0.000000 -0.046467 0.001006 0.998919 0.000000 1.065323 0.000000 0.000000 1.000000</LocalMatrix>
				<GlobalMatrix>-0.010129 0.998810 0.047703 0.000000 -0.998136 -0.007228 -0.060592 0.000000 -0.060176 -0.048228 0.997022 0.000000 -0.030822 77.073639 -0.000000 1.000000</GlobalMatrix>
				<LocalScale>1.000000 1.000000 1.000000</LocalScale>
				<LocalRotation>0.000000 -0.046495 -0.021655</LocalRotation>
				<LocalTransform>1.065323 0.000000 0.000000</LocalTransform>
			</Frame>
			<Frame Frame="3">
				<LocalMatrix>0.999393 -0.014173 0.031826 0.000000 0.014180 0.999899 -0.000000 0.000000 -0.031823 0.000451 0.999493 0.000000 1.065323 0.000000 0.000000 1.000000</LocalMatrix>
				<GlobalMatrix>-0.010939 0.999399 0.032890 0.000000 -0.996537 -0.008184 -0.082745 0.000000 -0.082427 -0.033681 0.996028 0.000000 0.165116 77.198738 -0.000000 1.000000</GlobalMatrix>
				<LocalScale>1.000000 1.000000 1.000000</LocalScale>
				<LocalRotation>-0.000000 -0.031832 -0.014181</LocalRotation>
				<LocalTransform>1.065323 0.000000 0.000000</LocalTransform>
			</Frame>
			<Frame Frame="4">
				<LocalMatrix>0.999898 -0.006464 0.012770 0.000000 0.006464 0.999979 0.000000 0.000000 -0.012769 0.000083 0.999918 0.000000 1.065323 0.000000 0.000000 1.000000</LocalMatrix>
				<GlobalMatrix>-0.009789 0.999863 0.013350 0.000000 -0.994981 -0.008410 -0.099712 0.000000 -0.099586 -0.014259 0.994927 0.000000 0.333752 76.801079 -0.000000 1.000000</GlobalMatrix>
				<LocalScale>1.000000 1.000000 1.000000</LocalScale>
				<LocalRotation>0.000000 -0.012770 -0.006464</LocalRotation>
				<LocalTransform>1.065323 0.000000 0.000000</LocalTransform>
			</Frame>
			<Frame Frame="5">
				<LocalMatrix>0.999979 0.001252 -0.006292 0.000000 -0.001252 0.999999 -0.000000 0.000000 0.006292 0.000008 0.999980 0.000000 1.065323 0.000000 0.000000 1.000000</LocalMatrix>
				<GlobalMatrix>-0.007810 0.999949 -0.006394 0.000000 -0.993313 -0.008494 -0.115140 0.000000 -0.115189 0.005452 0.993329 0.000000 0.495512 75.979324 -0.000000 1.000000</GlobalMatrix>
				<LocalScale>1.000000 1.000000 1.000000</LocalScale>
				<LocalRotation>-0.000000 0.006292 0.001252</LocalRotation>
				<LocalTransform>1.065323 0.000000 0.000000</LocalTransform>
			</Frame>
			<Frame Frame="6">
				<LocalMatrix>0.999742 0.008725 -0.020953 0.000000 -0.008727 0.999962 0.000000 0.000000 0.020953 0.000183 0.999780 0.000000 1.065323 0.000000 0.000000 1.000000</LocalMatrix>
				<GlobalMatrix>-0.006106 0.999742 -0.021860 0.000000 -0.992508 -0.008727 -0.121865 0.000000 -0.122024 0.020953 0.992306 0.000000 0.629149 75.290863 -0.000000 1.000000</GlobalMatrix>
				<LocalScale>1.000000 1.000000 1.000000</LocalScale>
				<LocalRotation>-0.000000 0.020955 0.008727</LocalRotation>
				<LocalTransform>1.065323 0.000000 0.000000</LocalTransform>
			</Frame>
			<Frame Frame="7">
				<LocalMatrix>0.999517 0.015710 -0.026817 0.000000 -0.015715 0.999876 0.000000 0.000000 0.026814 0.000421 0.999640 0.000000 1.065323 0.000000 0.000000 1.000000</LocalMatrix>
				<GlobalMatrix>-0.004669 0.999584 -0.028459 0.000000 -0.993207 -0.007945 -0.116092 0.000000 -0.116269 0.027724 0.992831 0.000000 0.734494 74.922318 -0.000000 1.000000</GlobalMatrix>
				<LocalScale>1.000000 1.000000 1.000000</LocalScale>
				<LocalRotation>0.000000 0.026820 0.015716</LocalRotation>
				<LocalTransform>1.065323 0.000000 0.000000</LocalTransform>
			</Frame>
			<Frame Frame="8">
				<LocalMatrix>0.999539 0.021972 -0.020953 0.000000 -0.021976 0.999758 0.000000 0.000000 0.020948 0.000460 0.999780 0.000000 1.065323 0.000000 0.000000 1.000000</LocalMatrix>
				<GlobalMatrix>-0.003939 0.999726 -0.023071 0.000000 -0.994840 -0.006257 -0.101265 0.000000 -0.101382 0.022553 0.994592 0.000000 0.791514 74.767334 -0.000000 1.000000</GlobalMatrix>
				<LocalScale>1.000000 1.000000 1.000000</LocalScale>
				<LocalRotation>0.000000 0.020955 0.021978</LocalRotation>
				<LocalTransform>1.065323 0.000000 0.000000</LocalTransform>
			</Frame>
			<Frame Frame="9">
				<LocalMatrix>0.999608 0.027267 -0.006292 0.000000 -0.027267 0.999628 -0.000000 0.000000 0.006290 0.000172 0.999980 0.000000 1.065323 0.000000 0.000000 1.000000</LocalMatrix>
				<GlobalMatrix>-0.004573 0.999954 -0.008471 0.000000 -0.996728 -0.005242 -0.080657 0.000000 -0.080698 0.008075 0.996706 0.000000 0.758262 74.926880 -0.000000 1.000000</GlobalMatrix>
				<LocalScale>1.000000 1.000000 1.000000</LocalScale>
				<LocalRotation>-0.000000 0.006292 0.027271</LocalRotation>
				<LocalTransform>1.065323 0.000000 0.000000</LocalTransform>
			</Frame>
			<Frame Frame="10">
				<LocalMatrix>0.999427 0.031344 0.012770 0.000000 -0.031346 0.999509 -0.000000 0.000000 -0.012763 -0.000400 0.999918 0.000000 1.065323 0.000000 0.000000 1.000000</LocalMatrix>
				<GlobalMatrix>-0.003841 0.999932 0.011022 0.000000 -0.998474 -0.003228 -0.055121 0.000000 -0.055082 -0.011217 0.998419 0.000000 0.663848 75.325851 -0.000000 1.000000</GlobalMatrix>
				<LocalScale>1.000000 1.000000 1.000000</LocalScale>
				<LocalRotation>-0.000000 -0.012770 0.031351</LocalRotation>
				<LocalTransform>1.065323 0.000000 0.000000</LocalTransform>
			</Frame>
			<Frame Frame="11">
				<LocalMatrix>0.998917 0.033954 0.031826 0.000000 -0.033971 0.999423 0.000000 0.000000 -0.031808 -0.001081 0.999493 0.000000 1.065323 0.000000 0.000000 1.000000</LocalMatrix>
				<GlobalMatrix>-0.001872 0.999521 0.030889 0.000000 -0.999628 -0.001030 -0.027241 0.000000 -0.027196 -0.030929 0.999152 0.000000 0.535580 75.826653 -0.000000 1.000000</GlobalMatrix>
				<LocalScale>1.000000 1.000000 1.000000</LocalScale>
				<LocalRotation>0.000000 -0.031832 0.033977</LocalRotation>
				<LocalTransform>1.065323 0.000000 0.000000</LocalTransform>
			</Frame>
			<Frame Frame="12">
				<LocalMatrix>0.998311 0.034862 0.046478 0.000000 -0.034899 0.999391 -0.000000 0.000000 -0.046450 -0.001622 0.998919 0.000000 1.065323 0.000000 0.000000 1.000000</LocalMatrix>
				<GlobalMatrix>0.000000 0.998919 0.046478 0.000000 -1.000000 0.000000 -0.000000 0.000000 -0.000000 -0.046478 0.998919 0.000000 0.395284 76.297394 0.000000 1.000000</GlobalMatrix>
				<LocalScale>1.000000 1.000000 1.000000</LocalScale>
				<LocalRotation>-0.000000 -0.046495 0.034907</LocalRotation>
				<LocalTransform>1.065323 0.000000 0.000000</LocalTransform>
			</Frame>
			<Frame Frame="13">
				<LocalMatrix>0.998068 0.033481 0.052336 0.000000 -0.033527 0.999438 0.000000 0.000000 -0.052307 -0.001755 0.998630 0.000000 1.065323 0.000000 0.000000 1.000000</LocalMatrix>
				<GlobalMatrix>0.001383 0.998581 0.053233 0.000000 -0.999626 -0.000074 0.027353 0.000000 0.027319 -0.053251 0.998207 0.000000 0.214570 76.713318 0.000000 1.000000</GlobalMatrix>
				<LocalScale>1.000000 1.000000 1.000000</LocalScale>
				<LocalRotation>0.000000 -0.052360 0.033533</LocalRotation>
				<LocalTransform>1.065323 0.000000 0.000000</LocalTransform>
			</Frame>
			<Frame Frame="14">
				<LocalMatrix>0.998478 0.029699 0.046478 0.000000 -0.029731 0.999558 0.000000 0.000000 -0.046457 -0.001382 0.998919 0.000000 1.065323 0.000000 0.000000 1.000000</LocalMatrix>
				<GlobalMatrix>0.003083 0.998841 0.048033 0.000000 -0.998504 0.000452 0.054681 0.000000 0.054596 -0.048130 0.997348 0.000000 0.032203 77.073586 0.000000 1.000000</GlobalMatrix>
				<LocalScale>1.000000 1.000000 1.000000</LocalScale>
				<LocalRotation>0.000000 -0.046495 0.029735</LocalRotation>
				<LocalTransform>1.065323 0.000000 0.000000</LocalTransform>
			</Frame>
			<Frame Frame="15">
				<LocalMatrix>0.999206 0.023984 0.031826 0.000000 -0.023996 0.999712 0.000000 0.000000 -0.031817 -0.000764 0.999493 0.000000 1.065323 0.000000 0.000000 1.000000</LocalMatrix>
				<GlobalMatrix>0.002628 0.999432 0.033593 0.000000 -0.996981 0.000011 0.077650 0.000000 0.077605 -0.033696 0.996415 0.000000 -0.136210 77.198700 0.000000 1.000000</GlobalMatrix>
				<LocalScale>1.000000 1.000000 1.000000</LocalScale>
				<LocalRotation>0.000000 -0.031832 0.023998</LocalRotation>
				<LocalTransform>1.065323 0.000000 0.000000</LocalTransform>
			</Frame>
			<Frame Frame="16">
				<LocalMatrix>0.999777 0.016805 0.012770 0.000000 -0.016806 0.999859 -0.000000 0.000000 -0.012768 -0.000215 0.999918 0.000000 1.065323 0.000000 0.000000 1.000000</LocalMatrix>
				<GlobalMatrix>0.001173 0.999897 0.014333 0.000000 -0.995324 -0.000217 0.096596 0.000000 0.096589 -0.014380 0.995220 0.000000 -0.302391 76.801056 0.000000 1.000000</GlobalMatrix>
				<LocalScale>1.000000 1.000000 1.000000</LocalScale>
				<LocalRotation>0.000000 -0.012770 0.016807</LocalRotation>
				<LocalTransform>1.065323 0.000000 0.000000</LocalTransform>
			</Frame>
			<Frame Frame="17">
				<LocalMatrix>0.999943 0.008646 -0.006292 0.000000 -0.008646 0.999963 0.000000 0.000000 0.006292 0.000054 0.999980 0.000000 1.065323 0.000000 0.000000 1.000000</LocalMatrix>
				<GlobalMatrix>-0.000368 0.999986 -0.005264 0.000000 -0.993464 0.000236 0.114149 0.000000 0.114149 0.005271 0.993450 0.000000 -0.466642 75.979347 0.000000 1.000000</GlobalMatrix>
				<LocalScale>1.000000 1.000000 1.000000</LocalScale>
