<?xml version='1.0' encoding='utf-8' ?>
<GfMotion version="0.7" FrameSize="10" CurrrentUnit="ntsc">
	<Source Path="C:\next\next_3d\chara\tr0001\scenes\tr0001_00_fi01_wait01.mb" TargetNode="none"/>
	<UvAnimation/>
	<BlendShapeAnimation/>
	<VisibilityAnimation>
		<Mesh Name="Ref:Ref:capShape">
			<IsVisible Frame="0">true</IsVisible>
			<IsVisible Frame="1">true</IsVisible>
			<IsVisible Frame="2">true</IsVisible>
			<IsVisible Frame="3">true</IsVisible>
			<IsVisible Frame="4">true</IsVisible>
			<IsVisible Frame="5">true</IsVisible>
			<IsVisible Frame="6">true</IsVisible>
			<IsVisible Frame="7">true</IsVisible>
			<IsVisible Frame="8">true</IsVisible>
			<IsVisible Frame="9">true</IsVisible>
			<IsVisible Frame="10">true</IsVisible>
		</Mesh>
		<Mesh Name="Ref:Ref:hairShape">
			<IsVisible Frame="0">true</IsVisible>
			<IsVisible Frame="1">true</IsVisible>
			<IsVisible Frame="2">true</IsVisible>
			<IsVisible Frame="3">true</IsVisible>
			<IsVisible Frame="4">true</IsVisible>
			<IsVisible Frame="5">true</IsVisible>
			<IsVisible Frame="6">true</IsVisible>
			<IsVisible Frame="7">true</IsVisible>
			<IsVisible Frame="8">true</IsVisible>
			<IsVisible Frame="9">true</IsVisible>
			<IsVisible Frame="10">true</IsVisible>
		</Mesh>
		<Mesh Name="Ref:Ref:faceShape">
			<IsVisible Frame="0">true</IsVisible>
			<IsVisible Frame="1">true</IsVisible>
			<IsVisible Frame="2">true</IsVisible>
			<IsVisible Frame="3">true</IsVisible>
			<IsVisible Frame="4">true</IsVisible>
			<IsVisible Frame="5">true</IsVisible>
			<IsVisible Frame="6">true</IsVisible>
			<IsVisible Frame="7">true</IsVisible>
			<IsVisible Frame="8">true</IsVisible>
			<IsVisible Frame="9">true</IsVisible>
			<IsVisible Frame="10">true</IsVisible>
		</Mesh>
		<Mesh Name="Ref:Ref:mouthShape">
			<IsVisible Frame="0">true</IsVisible>
			<IsVisible Frame="1">true</IsVisible>
			<IsVisible Frame="2">true</IsVisible>
			<IsVisible Frame="3">true</IsVisible>
			<IsVisible Frame="4">true</IsVisible>
			<IsVisible Frame="5">true</IsVisible>
			<IsVisible Frame="6">true</IsVisible>
			<IsVisible Frame="7">true</IsVisible>
			<IsVisible Frame="8">true</IsVisible>
			<IsVisible Frame="9">true</IsVisible>
			<IsVisible Frame="10">true</IsVisible>
		</Mesh>
		<Mesh Name="Ref:Ref:toothShape">
			<IsVisible Frame="0">true</IsVisible>
			<IsVisible Frame="1">true</IsVisible>
			<IsVisible Frame="2">true</IsVisible>
			<IsVisible Frame="3">true</IsVisible>
			<IsVisible Frame="4">true</IsVisible>
			<IsVisible Frame="5">true</IsVisible>
			<IsVisible Frame="6">true</IsVisible>
			<IsVisible Frame="7">true</IsVisible>
			<IsVisible Frame="8">true</IsVisible>
			<IsVisible Frame="9">true</IsVisible>
			<IsVisible Frame="10">true</IsVisible>
		</Mesh>
		<Mesh Name="Ref:Ref:topsShape">
			<IsVisible Frame="0">true</IsVisible>
			<IsVisible Frame="1">true</IsVisible>
			<IsVisible Frame="2">true</IsVisible>
			<IsVisible Frame="3">true</IsVisible>
			<IsVisible Frame="4">true</IsVisible>
			<IsVisible Frame="5">true</IsVisible>
			<IsVisible Frame="6">true</IsVisible>
			<IsVisible Frame="7">true</IsVisible>
			<IsVisible Frame="8">true</IsVisible>
			<IsVisible Frame="9">true</IsVisible>
			<IsVisible Frame="10">true</IsVisible>
		</Mesh>
		<Mesh Name="Ref:Ref:handShape">
			<IsVisible Frame="0">true</IsVisible>
			<IsVisible Frame="1">true</IsVisible>
			<IsVisible Frame="2">true</IsVisible>
			<IsVisible Frame="3">true</IsVisible>
			<IsVisible Frame="4">true</IsVisible>
			<IsVisible Frame="5">true</IsVisible>
			<IsVisible Frame="6">true</IsVisible>
			<IsVisible Frame="7">true</IsVisible>
			<IsVisible Frame="8">true</IsVisible>
			<IsVisible Frame="9">true</IsVisible>
			<IsVisible Frame="10">true</IsVisible>
		</Mesh>
		<Mesh Name="Ref:Ref:bagShape">
			<IsVisible Frame="0">true</IsVisible>
			<IsVisible Frame="1">true</IsVisible>
			<IsVisible Frame="2">true</IsVisible>
			<IsVisible Frame="3">true</IsVisible>
			<IsVisible Frame="4">true</IsVisible>
			<IsVisible Frame="5">true</IsVisible>
			<IsVisible Frame="6">true</IsVisible>
			<IsVisible Frame="7">true</IsVisible>
			<IsVisible Frame="8">true</IsVisible>
			<IsVisible Frame="9">true</IsVisible>
			<IsVisible Frame="10">true</IsVisible>
		</Mesh>
		<Mesh Name="Ref:Ref:m_ballShape">
			<IsVisible Frame="0">true</IsVisible>
			<IsVisible Frame="1">true</IsVisible>
			<IsVisible Frame="2">true</IsVisible>
			<IsVisible Frame="3">true</IsVisible>
			<IsVisible Frame="4">true</IsVisible>
			<IsVisible Frame="5">true</IsVisible>
			<IsVisible Frame="6">true</IsVisible>
			<IsVisible Frame="7">true</IsVisible>
			<IsVisible Frame="8">true</IsVisible>
			<IsVisible Frame="9">true</IsVisible>
			<IsVisible Frame="10">true</IsVisible>
		</Mesh>
		<Mesh Name="Ref:Ref:bottomsShape">
			<IsVisible Frame="0">true</IsVisible>
			<IsVisible Frame="1">true</IsVisible>
			<IsVisible Frame="2">true</IsVisible>
			<IsVisible Frame="3">true</IsVisible>
			<IsVisible Frame="4">true</IsVisible>
			<IsVisible Frame="5">true</IsVisible>
			<IsVisible Frame="6">true</IsVisible>
			<IsVisible Frame="7">true</IsVisible>
			<IsVisible Frame="8">true</IsVisible>
			<IsVisible Frame="9">true</IsVisible>
			<IsVisible Frame="10">true</IsVisible>
		</Mesh>
		<Mesh Name="Ref:Ref:legShape">
			<IsVisible Frame="0">true</IsVisible>
			<IsVisible Frame="1">true</IsVisible>
			<IsVisible Frame="2">true</IsVisible>
			<IsVisible Frame="3">true</IsVisible>
			<IsVisible Frame="4">true</IsVisible>
			<IsVisible Frame="5">true</IsVisible>
			<IsVisible Frame="6">true</IsVisible>
			<IsVisible Frame="7">true</IsVisible>
			<IsVisible Frame="8">true</IsVisible>
			<IsVisible Frame="9">true</IsVisible>
			<IsVisible Frame="10">true</IsVisible>
		</Mesh>
		<Mesh Name="Ref:Ref:bootsShape">
			<IsVisible Frame="0">true</IsVisible>
			<IsVisible Frame="1">true</IsVisible>
			<IsVisible Frame="2">true</IsVisible>
			<IsVisible Frame="3">true</IsVisible>
			<IsVisible Frame="4">true</IsVisible>
			<IsVisible Frame="5">true</IsVisible>
			<IsVisible Frame="6">true</IsVisible>
			<IsVisible Frame="7">true</IsVisible>
			<IsVisible Frame="8">true</IsVisible>
			<IsVisible Frame="9">true</IsVisible>
			<IsVisible Frame="10">true</IsVisible>
		</Mesh>
		<Mesh Name="Ref:Ref:nomal_faceShape">
			<IsVisible Frame="0">true</IsVisible>
			<IsVisible Frame="1">true</IsVisible>
			<IsVisible Frame="2">true</IsVisible>
			<IsVisible Frame="3">true</IsVisible>
			<IsVisible Frame="4">true</IsVisible>
			<IsVisible Frame="5">true</IsVisible>
			<IsVisible Frame="6">true</IsVisible>
			<IsVisible Frame="7">true</IsVisible>
			<IsVisible Frame="8">true</IsVisible>
			<IsVisible Frame="9">true</IsVisible>
			<IsVisible Frame="10">true</IsVisible>
		</Mesh>
	</VisibilityAnimation>
	<JointAnimation>
		<Joint Name="Ref:Ref:Waist" NeededRendering="TRUE">
			<Frame Frame="0">
				<LocalMatrix>0.000000 1.000000 0.000000 0.000000 -1.000000 0.000000 0.000000 0.000000 0.000000 0.000000 1.000000 0.000000 0.000000 75.525780 0.000000 1.000000</LocalMatrix>
				<GlobalMatrix>0.000000 1.000000 0.000000 0.000000 -1.000000 0.000000 0.000000 0.000000 0.000000 0.000000 1.000000 0.000000 0.000000 75.525780 0.000000 1.000000</GlobalMatrix>
				<LocalScale>1.000000 1.000000 1.000000</LocalScale>
				<LocalRotation>0.000000 -0.000000 1.570796</LocalRotation>
				<LocalTransform>0.000000 75.525780 0.000000</LocalTransform>
			</Frame>
			<Frame Frame="1">
				<LocalMatrix>0.000000 1.000000 0.000000 0.000000 -1.000000 0.000000 0.000000 0.000000 0.000000 0.000000 1.000000 0.000000 0.000000 75.525780 0.000000 1.000000</LocalMatrix>
				<GlobalMatrix>0.000000 1.000000 0.000000 0.000000 -1.000000 0.000000 0.000000 0.000000 0.000000 0.000000 1.000000 0.000000 0.000000 75.525780 0.000000 1.000000</GlobalMatrix>
				<LocalScale>1.000000 1.000000 1.000000</LocalScale>
				<LocalRotation>0.000000 -0.000000 1.570796</LocalRotation>
				<LocalTransform>0.000000 75.525780 0.000000</LocalTransform>
			</Frame>
			<Frame Frame="2">
				<LocalMatrix>0.000000 1.000000 0.000000 0.000000 -1.000000 0.000000 0.000000 0.000000 0.000000 0.000000 1.000000 0.000000 0.000000 75.525780 0.000000 1.000000</LocalMatrix>
				<GlobalMatrix>0.000000 1.000000 0.000000 0.000000 -1.000000 0.000000 0.000000 0.000000 0.000000 0.000000 1.000000 0.000000 0.000000 75.525780 0.000000 1.000000</GlobalMatrix>
				<LocalScale>1.000000 1.000000 1.000000</LocalScale>
				<LocalRotation>0.000000 -0.000000 1.570796</LocalRotation>
				<LocalTransform>0.000000 75.525780 0.000000</LocalTransform>
			</Frame>
			<Frame Frame="3">
				<LocalMatrix>0.000000 1.000000 0.000000 0.000000 -1.000000 0.000000 0.000000 0.000000 0.000000 0.000000 1.000000 0.000000 0.000000 75.525780 0.000000 1.000000</LocalMatrix>
				<GlobalMatrix>0.000000 1.000000 0.000000 0.000000 -1.000000 0.000000 0.000000 0.000000 0.000000 0.000000 1.000000 0.000000 0.000000 75.525780 0.000000 1.000000</GlobalMatrix>
				<LocalScale>1.000000 1.000000 1.000000</LocalScale>
				<LocalRotation>0.000000 -0.000000 1.570796</LocalRotation>
				<LocalTransform>0.000000 75.525780 0.000000</LocalTransform>
			</Frame>
			<Frame Frame="4">
				<LocalMatrix>0.000000 1.000000 0.000000 0.000000 -1.000000 0.000000 0.000000 0.000000 0.000000 0.000000 1.000000 0.000000 0.000000 75.525780 0.000000 1.000000</LocalMatrix>
				<GlobalMatrix>0.000000 1.000000 0.000000 0.000000 -1.000000 0.000000 0.000000 0.000000 0.000000 0.000000 1.000000 0.000000 0.000000 75.525780 0.000000 1.000000</GlobalMatrix>
				<LocalScale>1.000000 1.000000 1.000000</LocalScale>
				<LocalRotation>0.000000 -0.000000 1.570796</LocalRotation>
				<LocalTransform>0.000000 75.525780 0.000000</LocalTransform>
			</Frame>
			<Frame Frame="5">
				<LocalMatrix>0.000000 1.000000 0.000000 0.000000 -1.000000 0.000000 0.000000 0.000000 0.000000 0.000000 1.000000 0.000000 0.000000 75.525780 0.000000 1.000000</LocalMatrix>
				<GlobalMatrix>0.000000 1.000000 0.000000 0.000000 -1.000000 0.000000 0.000000 0.000000 0.000000 0.000000 1.000000 0.000000 0.000000 75.525780 0.000000 1.000000</GlobalMatrix>
				<LocalScale>1.000000 1.000000 1.000000</LocalScale>
				<LocalRotation>0.000000 -0.000000 1.570796</LocalRotation>
				<LocalTransform>0.000000 75.525780 0.000000</LocalTransform>
			</Frame>
			<Frame Frame="6">
				<LocalMatrix>0.000000 1.000000 0.000000 0.000000 -1.000000 0.000000 0.000000 0.000000 0.000000 0.000000 1.000000 0.000000 0.000000 75.525780 0.000000 1.000000</LocalMatrix>
				<GlobalMatrix>0.000000 1.000000 0.000000 0.000000 -1.000000 0.000000 0.000000 0.000000 0.000000 0.000000 1.000000 0.000000 0.000000 75.525780 0.000000 1.000000</GlobalMatrix>
				<LocalScale>1.000000 1.000000 1.000000</LocalScale>
				<LocalRotation>0.000000 -0.000000 1.570796</LocalRotation>
				<LocalTransform>0.000000 75.525780 0.000000</LocalTransform>
			</Frame>
			<Frame Frame="7">
				<LocalMatrix>0.000000 1.000000 0.000000 0.000000 -1.000000 0.000000 0.000000 0.000000 0.000000 0.000000 1.000000 0.000000 0.000000 75.525780 0.000000 1.000000</LocalMatrix>
				<GlobalMatrix>0.000000 1.000000 0.000000 0.000000 -1.000000 0.000000 0.000000 0.000000 0.000000 0.000000 1.000000 0.000000 0.000000 75.525780 0.000000 1.000000</GlobalMatrix>
				<LocalScale>1.000000 1.000000 1.000000</LocalScale>
				<LocalRotation>0.000000 -0.000000 1.570796</LocalRotation>
				<LocalTransform>0.000000 75.525780 0.000000</LocalTransform>
			</Frame>
			<Frame Frame="8">
				<LocalMatrix>0.000000 1.000000 0.000000 0.000000 -1.000000 0.000000 0.000000 0.000000 0.000000 0.000000 1.000000 0.000000 0.000000 75.525780 0.000000 1.000000</LocalMatrix>
				<GlobalMatrix>0.000000 1.000000 0.000000 0.000000 -1.000000 0.000000 0.000000 0.000000 0.000000 0.000000 1.000000 0.000000 0.000000 75.525780 0.000000 1.000000</GlobalMatrix>
				<LocalScale>1.000000 1.000000 1.000000</LocalScale>
				<LocalRotation>0.000000 -0.000000 1.570796</LocalRotation>
				<LocalTransform>0.000000 75.525780 0.000000</LocalTransform>
			</Frame>
			<Frame Frame="9">
				<LocalMatrix>0.000000 1.000000 0.000000 0.000000 -1.000000 0.000000 0.000000 0.000000 0.000000 0.000000 1.000000 0.000000 0.000000 75.525780 0.000000 1.000000</LocalMatrix>
				<GlobalMatrix>0.000000 1.000000 0.000000 0.000000 -1.000000 0.000000 0.000000 0.000000 0.000000 0.000000 1.000000 0.000000 0.000000 75.525780 0.000000 1.000000</GlobalMatrix>
				<LocalScale>1.000000 1.000000 1.000000</LocalScale>
				<LocalRotation>0.000000 -0.000000 1.570796</LocalRotation>
				<LocalTransform>0.000000 75.525780 0.000000</LocalTransform>
			</Frame>
			<Frame Frame="10">
				<LocalMatrix>0.000000 1.000000 0.000000 0.000000 -1.000000 0.000000 0.000000 0.000000 0.000000 0.000000 1.000000 0.000000 0.000000 75.525780 0.000000 1.000000</LocalMatrix>
				<GlobalMatrix>0.000000 1.000000 0.000000 0.000000 -1.000000 0.000000 0.000000 0.000000 0.000000 0.000000 1.000000 0.000000 0.000000 75.525780 0.000000 1.000000</GlobalMatrix>
				<LocalScale>1.000000 1.000000 1.000000</LocalScale>
				<LocalRotation>0.000000 -0.000000 1.570796</LocalRotation>
				<LocalTransform>0.000000 75.525780 0.000000</LocalTransform>
			</Frame>
		</Joint>
		<Joint Name="Ref:Ref:Spine1" ParentName="Ref:Ref:Waist" NeededRendering="TRUE">
			<Frame Frame="0">
				<LocalMatrix>1.000000 0.000000 0.000000 0.000000 0.000000 1.000000 0.000000 0.000000 0.000000 0.000000 1.000000 0.000000 1.065323 0.000000 0.000000 1.000000</LocalMatrix>
				<GlobalMatrix>0.000000 1.000000 0.000000 0.000000 -1.000000 0.000000 0.000000 0.000000 0.000000 0.000000 1.000000 0.000000 -0.000000 76.591103 0.000000 1.000000</GlobalMatrix>
				<LocalScale>1.000000 1.000000 1.000000</LocalScale>
				<LocalRotation>0.000000 -0.000000 0.000000</LocalRotation>
				<LocalTransform>1.065323 0.000000 0.000000</LocalTransform>
			</Frame>
			<Frame Frame="1">
				<LocalMatrix>1.000000 0.000000 0.000000 0.000000 0.000000 1.000000 0.000000 0.000000 0.000000 0.000000 1.000000 0.000000 1.065323 0.000000 0.000000 1.000000</LocalMatrix>
				<GlobalMatrix>0.000000 1.000000 0.000000 0.000000 -1.000000 0.000000 0.000000 0.000000 0.000000 0.000000 1.000000 0.000000 -0.000000 76.591103 0.000000 1.000000</GlobalMatrix>
				<LocalScale>1.000000 1.000000 1.000000</LocalScale>
				<LocalRotation>0.000000 -0.000000 0.000000</LocalRotation>
				<LocalTransform>1.065323 0.000000 0.000000</LocalTransform>
			</Frame>
			<Frame Frame="2">
				<LocalMatrix>1.000000 0.000000 0.000000 0.000000 0.000000 1.000000 0.000000 0.000000 0.000000 0.000000 1.000000 0.000000 1.065323 0.000000 0.000000 1.000000</LocalMatrix>
				<GlobalMatrix>0.000000 1.000000 0.000000 0.000000 -1.000000 0.000000 0.000000 0.000000 0.000000 0.000000 1.000000 0.000000 -0.000000 76.591103 0.000000 1.000000</GlobalMatrix>
				<LocalScale>1.000000 1.000000 1.000000</LocalScale>
				<LocalRotation>0.000000 -0.000000 0.000000</LocalRotation>
				<LocalTransform>1.065323 0.000000 0.000000</LocalTransform>
			</Frame>
			<Frame Frame="3">
				<LocalMatrix>1.000000 0.000000 0.000000 0.000000 0.000000 1.000000 0.000000 0.000000 0.000000 0.000000 1.000000 0.000000 1.065323 0.000000 0.000000 1.000000</LocalMatrix>
				<GlobalMatrix>0.000000 1.000000 0.000000 0.000000 -1.000000 0.000000 0.000000 0.000000 0.000000 0.000000 1.000000 0.000000 -0.000000 76.591103 0.000000 1.000000</GlobalMatrix>
				<LocalScale>1.000000 1.000000 1.000000</LocalScale>
				<LocalRotation>0.000000 -0.000000 0.000000</LocalRotation>
				<LocalTransform>1.065323 0.000000 0.000000</LocalTransform>
			</Frame>
			<Frame Frame="4">
				<LocalMatrix>1.000000 0.000000 0.000000 0.000000 0.000000 1.000000 0.000000 0.000000 0.000000 0.000000 1.000000 0.000000 1.065323 0.000000 0.000000 1.000000</LocalMatrix>
				<GlobalMatrix>0.000000 1.000000 0.000000 0.000000 -1.000000 0.000000 0.000000 0.000000 0.000000 0.000000 1.000000 0.000000 -0.000000 76.591103 0.000000 1.000000</GlobalMatrix>
				<LocalScale>1.000000 1.000000 1.000000</LocalScale>
				<LocalRotation>0.000000 -0.000000 0.000000</LocalRotation>
				<LocalTransform>1.065323 0.000000 0.000000</LocalTransform>
			</Frame>
			<Frame Frame="5">
				<LocalMatrix>1.000000 0.000000 0.000000 0.000000 0.000000 1.000000 0.000000 0.000000 0.000000 0.000000 1.000000 0.000000 1.065323 0.000000 0.000000 1.000000</LocalMatrix>
				<GlobalMatrix>0.000000 1.000000 0.000000 0.000000 -1.000000 0.000000 0.000000 0.000000 0.000000 0.000000 1.000000 0.000000 -0.000000 76.591103 0.000000 1.000000</GlobalMatrix>
				<LocalScale>1.000000 1.000000 1.000000</LocalScale>
				<LocalRotation>0.000000 -0.000000 0.000000</LocalRotation>
				<LocalTransform>1.065323 0.000000 0.000000</LocalTransform>
			</Frame>
			<Frame Frame="6">
				<LocalMatrix>1.000000 0.000000 0.000000 0.000000 0.000000 1.000000 0.000000 0.000000 0.000000 0.000000 1.000000 0.000000 1.065323 0.000000 0.000000 1.000000</LocalMatrix>
				<GlobalMatrix>0.000000 1.000000 0.000000 0.000000 -1.000000 0.000000 0.000000 0.000000 0.000000 0.000000 1.000000 0.000000 -0.000000 76.591103 0.000000 1.000000</GlobalMatrix>
				<LocalScale>1.000000 1.000000 1.000000</LocalScale>
				<LocalRotation>0.000000 -0.000000 0.000000</LocalRotation>
				<LocalTransform>1.065323 0.000000 0.000000</LocalTransform>
			</Frame>
			<Frame Frame="7">
				<LocalMatrix>1.000000 0.000000 0.000000 0.000000 0.000000 1.000000 0.000000 0.000000 0.000000 0.000000 1.000000 0.000000 1.065323 0.000000 0.000000 1.000000</LocalMatrix>
				<GlobalMatrix>0.000000 1.000000 0.000000 0.000000 -1.000000 0.000000 0.000000 0.000000 0.000000 0.000000 1.000000 0.000000 -0.000000 76.591103 0.000000 1.000000</GlobalMatrix>
				<LocalScale>1.000000 1.000000 1.000000</LocalScale>
				<LocalRotation>0.000000 -0.000000 0.000000</LocalRotation>
				<LocalTransform>1.065323 0.000000 0.000000</LocalTransform>
			</Frame>
			<Frame Frame="8">
				<LocalMatrix>1.000000 0.000000 0.000000 0.000000 0.000000 1.000000 0.000000 0.000000 0.000000 0.000000 1.000000 0.000000 1.065323 0.000000 0.000000 1.000000</LocalMatrix>
				<GlobalMatrix>0.000000 1.000000 0.000000 0.000000 -1.000000 0.000000 0.000000 0.000000 0.000000 0.000000 1.000000 0.000000 -0.000000 76.591103 0.000000 1.000000</GlobalMatrix>
				<LocalScale>1.000000 1.000000 1.000000</LocalScale>
				<LocalRotation>0.000000 -0.000000 0.000000</LocalRotation>
				<LocalTransform>1.065323 0.000000 0.000000</LocalTransform>
			</Frame>
			<Frame Frame="9">
				<LocalMatrix>1.000000 0.000000 0.000000 0.000000 0.000000 1.000000 0.000000 0.000000 0.000000 0.000000 1.000000 0.000000 1.065323 0.000000 0.000000 1.000000</LocalMatrix>
				<GlobalMatrix>0.000000 1.000000 0.000000 0.000000 -1.000000 0.000000 0.000000 0.000000 0.000000 0.000000 1.000000 0.000000 -0.000000 76.591103 0.000000 1.000000</GlobalMatrix>
				<LocalScale>1.000000 1.000000 1.000000</LocalScale>
				<LocalRotation>0.000000 -0.000000 0.000000</LocalRotation>
				<LocalTransform>1.065323 0.000000 0.000000</LocalTransform>
			</Frame>
			<Frame Frame="10">
				<LocalMatrix>1.000000 0.000000 0.000000 0.000000 0.000000 1.000000 0.000000 0.000000 0.000000 0.000000 1.000000 0.000000 1.065323 0.000000 0.000000 1.000000</LocalMatrix>
				<GlobalMatrix>0.000000 1.000000 0.000000 0.000000 -1.000000 0.000000 0.000000 0.000000 0.000000 0.000000 1.000000 0.000000 -0.000000 76.591103 0.000000 1.000000</GlobalMatrix>
				<LocalScale>1.000000 1.000000 1.000000</LocalScale>
				<LocalRotation>0.000000 -0.000000 0.000000</LocalRotation>
				<LocalTransform>1.065323 0.000000 0.000000</LocalTransform>
			</Frame>
		</Joint>
		<Joint Name="Ref:Ref:Spine2" ParentName="Ref:Ref:Spine1" NeededRendering="TRUE">
			<Frame Frame="0">
				<LocalMatrix>0.998278 0.000000 -0.058662 0.000000 0.000000 1.000000 0.000000 0.000000 0.058662 0.000000 0.998278 0.000000 13.223998 0.000000 0.000000 1.000000</LocalMatrix>
				<GlobalMatrix>0.000000 0.998278 -0.058662 0.000000 -1.000000 0.000000 0.000000 0.000000 0.000000 0.058662 0.998278 0.000000 0.000000 89.815102 0.000000 1.000000</GlobalMatrix>
				<LocalScale>1.000000 1.000000 1.000000</LocalScale>
				<LocalRotation>0.000000 0.058696 0.000000</LocalRotation>
				<LocalTransform>13.223998 0.000000 0.000000</LocalTransform>
			</Frame>
			<Frame Frame="1">
				<LocalMatrix>0.998278 0.000000 -0.058662 0.000000 0.000000 1.000000 0.000000 0.000000 0.058662 0.000000 0.998278 0.000000 13.223998 0.000000 0.000000 1.000000</LocalMatrix>
				<GlobalMatrix>0.000000 0.998278 -0.058662 0.000000 -1.000000 0.000000 0.000000 0.000000 0.000000 0.058662 0.998278 0.000000 0.000000 89.815102 0.000000 1.000000</GlobalMatrix>
				<LocalScale>1.000000 1.000000 1.000000</LocalScale>
				<LocalRotation>0.000000 0.058696 0.000000</LocalRotation>
				<LocalTransform>13.223998 0.000000 0.000000</LocalTransform>
			</Frame>
			<Frame Frame="2">
				<LocalMatrix>0.998278 0.000000 -0.058662 0.000000 0.000000 1.000000 0.000000 0.000000 0.058662 0.000000 0.998278 0.000000 13.223998 0.000000 0.000000 1.000000</LocalMatrix>
				<GlobalMatrix>0.000000 0.998278 -0.058662 0.000000 -1.000000 0.000000 0.000000 0.000000 0.000000 0.058662 0.998278 0.000000 0.000000 89.815102 0.000000 1.000000</GlobalMatrix>
				<LocalScale>1.000000 1.000000 1.000000</LocalScale>
				<LocalRotation>0.000000 0.058696 0.000000</LocalRotation>
				<LocalTransform>13.223998 0.000000 0.000000</LocalTransform>
			</Frame>
			<Frame Frame="3">
				<LocalMatrix>0.998278 0.000000 -0.058662 0.000000 0.000000 1.000000 0.000000 0.000000 0.058662 0.000000 0.998278 0.000000 13.223998 0.000000 0.000000 1.000000</LocalMatrix>
				<GlobalMatrix>0.000000 0.998278 -0.058662 0.000000 -1.000000 0.000000 0.000000 0.000000 0.000000 0.058662 0.998278 0.000000 0.000000 89.815102 0.000000 1.000000</GlobalMatrix>
				<LocalScale>1.000000 1.000000 1.000000</LocalScale>
				<LocalRotation>0.000000 0.058696 0.000000</LocalRotation>
				<LocalTransform>13.223998 0.000000 0.000000</LocalTransform>
			</Frame>
			<Frame Frame="4">
				<LocalMatrix>0.998278 0.000000 -0.058662 0.000000 0.000000 1.000000 0.000000 0.000000 0.058662 0.000000 0.998278 0.000000 13.223998 0.000000 0.000000 1.000000</LocalMatrix>
				<GlobalMatrix>0.000000 0.998278 -0.058662 0.000000 -1.000000 0.000000 0.000000 0.000000 0.000000 0.058662 0.998278 0.000000 0.000000 89.815102 0.000000 1.000000</GlobalMatrix>
				<LocalScale>1.000000 1.000000 1.000000</LocalScale>
				<LocalRotation>0.000000 0.058696 0.000000</LocalRotation>
				<LocalTransform>13.223998 0.000000 0.000000</LocalTransform>
			</Frame>
			<Frame Frame="5">
				<LocalMatrix>0.998278 0.000000 -0.058662 0.000000 0.000000 1.000000 0.000000 0.000000 0.058662 0.000000 0.998278 0.000000 13.223998 0.000000 0.000000 1.000000</LocalMatrix>
				<GlobalMatrix>0.000000 0.998278 -0.058662 0.000000 -1.000000 0.000000 0.000000 0.000000 0.000000 0.058662 0.998278 0.000000 0.000000 89.815102 0.000000 1.000000</GlobalMatrix>
				<LocalScale>1.000000 1.000000 1.000000</LocalScale>
				<LocalRotation>0.000000 0.058696 0.000000</LocalRotation>
				<LocalTransform>13.223998 0.000000 0.000000</LocalTransform>
			</Frame>
			<Frame Frame="6">
				<LocalMatrix>0.998278 0.000000 -0.058662 0.000000 0.000000 1.000000 0.000000 0.000000 0.058662 0.000000 0.998278 0.000000 13.223998 0.000000 0.000000 1.000000</LocalMatrix>
				<GlobalMatrix>0.000000 0.998278 -0.058662 0.000000 -1.000000 0.000000 0.000000 0.000000 0.000000 0.058662 0.998278 0.000000 0.000000 89.815102 0.000000 1.000000</GlobalMatrix>
				<LocalScale>1.000000 1.000000 1.000000</LocalScale>
				<LocalRotation>0.000000 0.058696 0.000000</LocalRotation>
				<LocalTransform>13.223998 0.000000 0.000000</LocalTransform>
			</Frame>
			<Frame Frame="7">
				<LocalMatrix>0.998278 0.000000 -0.058662 0.000000 0.000000 1.000000 0.000000 0.000000 0.058662 0.000000 0.998278 0.000000 13.223998 0.000000 0.000000 1.000000</LocalMatrix>
				<GlobalMatrix>0.000000 0.998278 -0.058662 0.000000 -1.000000 0.000000 0.000000 0.000000 0.000000 0.058662 0.998278 0.000000 0.000000 89.815102 0.000000 1.000000</GlobalMatrix>
				<LocalScale>1.000000 1.000000 1.000000</LocalScale>
				<LocalRotation>0.000000 0.058696 0.000000</LocalRotation>
				<LocalTransform>13.223998 0.000000 0.000000</LocalTransform>
			</Frame>
			<Frame Frame="8">
				<LocalMatrix>0.998278 0.000000 -0.058662 0.000000 0.000000 1.000000 0.000000 0.000000 0.058662 0.000000 0.998278 0.000000 13.223998 0.000000 0.000000 1.000000</LocalMatrix>
				<GlobalMatrix>0.000000 0.998278 -0.058662 0.000000 -1.000000 0.000000 0.000000 0.000000 0.000000 0.058662 0.998278 0.000000 0.000000 89.815102 0.000000 1.000000</GlobalMatrix>
				<LocalScale>1.000000 1.000000 1.000000</LocalScale>
				<LocalRotation>0.000000 0.058696 0.000000</LocalRotation>
				<LocalTransform>13.223998 0.000000 0.000000</LocalTransform>
			</Frame>
			<Frame Frame="9">
				<LocalMatrix>0.998278 0.000000 -0.058662 0.000000 0.000000 1.000000 0.000000 0.000000 0.058662 0.000000 0.998278 0.000000 13.223998 0.000000 0.000000 1.000000</LocalMatrix>
				<GlobalMatrix>0.000000 0.998278 -0.058662 0.000000 -1.000000 0.000000 0.000000 0.000000 0.000000 0.058662 0.998278 0.000000 0.000000 89.815102 0.000000 1.000000</GlobalMatrix>
				<LocalScale>1.000000 1.000000 1.000000</LocalScale>
				<LocalRotation>0.000000 0.058696 0.000000</LocalRotation>
				<LocalTransform>13.223998 0.000000 0.000000</LocalTransform>
			</Frame>
			<Frame Frame="10">
				<LocalMatrix>0.998278 0.000000 -0.058662 0.000000 0.000000 1.000000 0.000000 0.000000 0.058662 0.000000 0.998278 0.000000 13.223998 0.000000 0.000000 1.000000</LocalMatrix>
				<GlobalMatrix>0.000000 0.998278 -0.058662 0.000000 -1.000000 0.000000 0.000000 0.000000 0.000000 0.058662 0.998278 0.000000 0.000000 89.815102 0.000000 1.000000</GlobalMatrix>
				<LocalScale>1.000000 1.000000 1.000000</LocalScale>
				<LocalRotation>0.000000 0.058696 0.000000</LocalRotation>
				<LocalTransform>13.223998 0.000000 0.000000</LocalTransform>
			</Frame>
		</Joint>
		<Joint Name="Ref:Ref:Spine3" ParentName="Ref:Ref:Spine2" NeededRendering="TRUE">
			<Frame Frame="0">
				<LocalMatrix>0.999955 0.000000 0.009466 0.000000 -0.000000 1.000000 0.000000 0.000000 -0.009466 -0.000000 0.999955 0.000000 13.224002 0.000000 -0.000000 1.000000</LocalMatrix>
				<GlobalMatrix>0.000000 0.998788 -0.049210 0.000000 -1.000000 0.000000 0.000000 0.000000 0.000000 0.049210 0.998788 0.000000 -0.000000 103.016327 -0.775753 1.000000</GlobalMatrix>
				<LocalScale>1.000000 1.000000 1.000000</LocalScale>
				<LocalRotation>0.000000 -0.009466 0.000000</LocalRotation>
				<LocalTransform>13.224002 0.000000 -0.000000</LocalTransform>
			</Frame>
			<Frame Frame="1">
				<LocalMatrix>0.999955 0.000000 0.009466 0.000000 -0.000000 1.000000 0.000000 0.000000 -0.009466 -0.000000 0.999955 0.000000 13.224002 0.000000 -0.000000 1.000000</LocalMatrix>
				<GlobalMatrix>0.000000 0.998788 -0.049210 0.000000 -1.000000 0.000000 0.000000 0.000000 0.000000 0.049210 0.998788 0.000000 -0.000000 103.016327 -0.775753 1.000000</GlobalMatrix>
				<LocalScale>1.000000 1.000000 1.000000</LocalScale>
				<LocalRotation>0.000000 -0.009466 0.000000</LocalRotation>
				<LocalTransform>13.224002 0.000000 -0.000000</LocalTransform>
			</Frame>
			<Frame Frame="2">
				<LocalMatrix>0.999955 0.000000 0.009466 0.000000 -0.000000 1.000000 0.000000 0.000000 -0.009466 -0.000000 0.999955 0.000000 13.224002 0.000000 -0.000000 1.000000</LocalMatrix>
				<GlobalMatrix>0.000000 0.998788 -0.049210 0.000000 -1.000000 0.000000 0.000000 0.000000 0.000000 0.049210 0.998788 0.000000 -0.000000 103.016327 -0.775753 1.000000</GlobalMatrix>
				<LocalScale>1.000000 1.000000 1.000000</LocalScale>
				<LocalRotation>0.000000 -0.009466 0.000000</LocalRotation>
				<LocalTransform>13.224002 0.000000 -0.000000</LocalTransform>
			</Frame>
			<Frame Frame="3">
				<LocalMatrix>0.999955 0.000000 0.009466 0.000000 -0.000000 1.000000 0.000000 0.000000 -0.009466 -0.000000 0.999955 0.000000 13.224002 0.000000 -0.000000 1.000000</LocalMatrix>
				<GlobalMatrix>0.000000 0.998788 -0.049210 0.000000 -1.000000 0.000000 0.000000 0.000000 0.000000 0.049210 0.998788 0.000000 -0.000000 103.016327 -0.775753 1.000000</GlobalMatrix>
				<LocalScale>1.000000 1.000000 1.000000</LocalScale>
				<LocalRotation>0.000000 -0.009466 0.000000</LocalRotation>
				<LocalTransform>13.224002 0.000000 -0.000000</LocalTransform>
			</Frame>
			<Frame Frame="4">
				<LocalMatrix>0.999955 0.000000 0.009466 0.000000 -0.000000 1.000000 0.000000 0.000000 -0.009466 -0.000000 0.999955 0.000000 13.224002 0.000000 -0.000000 1.000000</LocalMatrix>
				<GlobalMatrix>0.000000 0.998788 -0.049210 0.000000 -1.000000 0.000000 0.000000 0.000000 0.000000 0.049210 0.998788 0.000000 -0.000000 103.016327 -0.775753 1.000000</GlobalMatrix>
				<LocalScale>1.000000 1.000000 1.000000</LocalScale>
				<LocalRotation>0.000000 -0.009466 0.000000</LocalRotation>
				<LocalTransform>13.224002 0.000000 -0.000000</LocalTransform>
			</Frame>
			<Frame Frame="5">
				<LocalMatrix>0.999955 0.000000 0.009466 0.000000 -0.000000 1.000000 0.000000 0.000000 -0.009466 -0.000000 0.999955 0.000000 13.224002 0.000000 -0.000000 1.000000</LocalMatrix>
				<GlobalMatrix>0.000000 0.998788 -0.049210 0.000000 -1.000000 0.000000 0.000000 0.000000 0.000000 0.049210 0.998788 0.000000 -0.000000 103.016327 -0.775753 1.000000</GlobalMatrix>
				<LocalScale>1.000000 1.000000 1.000000</LocalScale>
				<LocalRotation>0.000000 -0.009466 0.000000</LocalRotation>
				<LocalTransform>13.224002 0.000000 -0.000000</LocalTransform>
			</Frame>
			<Frame Frame="6">
				<LocalMatrix>0.999955 0.000000 0.009466 0.000000 -0.000000 1.000000 0.000000 0.000000 -0.009466 -0.000000 0.999955 0.000000 13.224002 0.000000 -0.000000 1.000000</LocalMatrix>
				<GlobalMatrix>0.000000 0.998788 -0.049210 0.000000 -1.000000 0.000000 0.000000 0.000000 0.000000 0.049210 0.998788 0.000000 -0.000000 103.016327 -0.775753 1.000000</GlobalMatrix>
				<LocalScale>1.000000 1.000000 1.000000</LocalScale>
				<LocalRotation>0.000000 -0.009466 0.000000</LocalRotation>
				<LocalTransform>13.224002 0.000000 -0.000000</LocalTransform>
			</Frame>
			<Frame Frame="7">
				<LocalMatrix>0.999955 0.000000 0.009466 0.000000 -0.000000 1.000000 0.000000 0.000000 -0.009466 -0.000000 0.999955 0.000000 13.224002 0.000000 -0.000000 1.000000</LocalMatrix>
				<GlobalMatrix>0.000000 0.998788 -0.049210 0.000000 -1.000000 0.000000 0.000000 0.000000 0.000000 0.049210 0.998788 0.000000 -0.000000 103.016327 -0.775753 1.000000</GlobalMatrix>
				<LocalScale>1.000000 1.000000 1.000000</LocalScale>
				<LocalRotation>0.000000 -0.009466 0.000000</LocalRotation>
				<LocalTransform>13.224002 0.000000 -0.000000</LocalTransform>
			</Frame>
			<Frame Frame="8">
				<LocalMatrix>0.999955 0.000000 0.009466 0.000000 -0.000000 1.000000 0.000000 0.000000 -0.009466 -0.000000 0.999955 0.000000 13.224002 0.000000 -0.000000 1.000000</LocalMatrix>
				<GlobalMatrix>0.000000 0.998788 -0.049210 0.000000 -1.000000 0.000000 0.000000 0.000000 0.000000 0.049210 0.998788 0.000000 -0.000000 103.016327 -0.775753 1.000000</GlobalMatrix>
				<LocalScale>1.000000 1.000000 1.000000</LocalScale>
				<LocalRotation>0.000000 -0.009466 0.000000</LocalRotation>
				<LocalTransform>13.224002 0.000000 -0.000000</LocalTransform>
			</Frame>
			<Frame Frame="9">
				<LocalMatrix>0.999955 0.000000 0.009466 0.000000 -0.000000 1.000000 0.000000 0.000000 -0.009466 -0.000000 0.999955 0.000000 13.224002 0.000000 -0.000000 1.000000</LocalMatrix>
				<GlobalMatrix>0.000000 0.998788 -0.049210 0.000000 -1.000000 0.000000 0.000000 0.000000 0.000000 0.049210 0.998788 0.000000 -0.000000 103.016327 -0.775753 1.000000</GlobalMatrix>
				<LocalScale>1.000000 1.000000 1.000000</LocalScale>
				<LocalRotation>0.000000 -0.009466 0.000000</LocalRotation>
				<LocalTransform>13.224002 0.000000 -0.000000</LocalTransform>
			</Frame>
			<Frame Frame="10">
				<LocalMatrix>0.999955 0.000000 0.009466 0.000000 -0.000000 1.000000 0.000000 0.000000 -0.009466 -0.000000 0.999955 0.000000 13.224002 0.000000 -0.000000 1.000000</LocalMatrix>
				<GlobalMatrix>0.000000 0.998788 -0.049210 0.000000 -1.000000 0.000000 0.000000 0.000000 0.000000 0.049210 0.998788 0.000000 -0.000000 103.016327 -0.775753 1.000000</GlobalMatrix>
				<LocalScale>1.000000 1.000000 1.000000</LocalScale>
				<LocalRotation>0.000000 -0.009466 0.000000</LocalRotation>
				<LocalTransform>13.224002 0.000000 -0.000000</LocalTransform>
			</Frame>
		</Joint>
		<Joint Name="Ref:Ref:Neck" ParentName="Ref:Ref:Spine3" NeededRendering="TRUE">
			<Frame Frame="0">
				<LocalMatrix>0.977921 0.000000 0.208973 0.000000 -0.000000 1.000000 0.000000 0.000000 -0.208973 -0.000000 0.977921 0.000000 11.594895 0.000000 -0.000000 1.000000</LocalMatrix>
				<GlobalMatrix>0.000000 0.987020 0.160596 0.000000 -1.000000 0.000000 0.000000 0.000000 -0.000000 -0.160596 0.987020 0.000000 0.000000 114.597176 -1.346338 1.000000</GlobalMatrix>
				<LocalScale>1.000000 1.000000 1.000000</LocalScale>
				<LocalRotation>0.000000 -0.210525 0.000000</LocalRotation>
				<LocalTransform>11.594895 0.000000 -0.000000</LocalTransform>
			</Frame>
			<Frame Frame="1">
				<LocalMatrix>0.977921 0.000000 0.208973 0.000000 -0.000000 1.000000 0.000000 0.000000 -0.208973 -0.000000 0.977921 0.000000 11.594895 0.000000 -0.000000 1.000000</LocalMatrix>
				<GlobalMatrix>0.000000 0.987020 0.160596 0.000000 -1.000000 0.000000 0.000000 0.000000 -0.000000 -0.160596 0.987020 0.000000 0.000000 114.597176 -1.346338 1.000000</GlobalMatrix>
				<LocalScale>1.000000 1.000000 1.000000</LocalScale>
				<LocalRotation>0.000000 -0.210525 0.000000</LocalRotation>
				<LocalTransform>11.594895 0.000000 -0.000000</LocalTransform>
			</Frame>
			<Frame Frame="2">
				<LocalMatrix>0.977921 0.000000 0.208973 0.000000 -0.000000 1.000000 0.000000 0.000000 -0.208973 -0.000000 0.977921 0.000000 11.594895 0.000000 -0.000000 1.000000</LocalMatrix>
				<GlobalMatrix>0.000000 0.987020 0.160596 0.000000 -1.000000 0.000000 0.000000 0.000000 -0.000000 -0.160596 0.987020 0.000000 0.000000 114.597176 -1.346338 1.000000</GlobalMatrix>
				<LocalScale>1.000000 1.000000 1.000000</LocalScale>
				<LocalRotation>0.000000 -0.210525 0.000000</LocalRotation>
				<LocalTransform>11.594895 0.000000 -0.000000</LocalTransform>
			</Frame>
			<Frame Frame="3">
				<LocalMatrix>0.977921 0.000000 0.208973 0.000000 -0.000000 1.000000 0.000000 0.000000 -0.208973 -0.000000 0.977921 0.000000 11.594895 0.000000 -0.000000 1.000000</LocalMatrix>
				<GlobalMatrix>0.000000 0.987020 0.160596 0.000000 -1.000000 0.000000 0.000000 0.000000 -0.000000 -0.160596 0.987020 0.000000 0.000000 114.597176 -1.346338 1.000000</GlobalMatrix>
				<LocalScale>1.000000 1.000000 1.000000</LocalScale>
				<LocalRotation>0.000000 -0.210525 0.000000</LocalRotation>
				<LocalTransform>11.594895 0.000000 -0.000000</LocalTransform>
			</Frame>
			<Frame Frame="4">
				<LocalMatrix>0.977921 0.000000 0.208973 0.000000 -0.000000 1.000000 0.000000 0.000000 -0.208973 -0.000000 0.977921 0.000000 11.594895 0.000000 -0.000000 1.000000</LocalMatrix>
				<GlobalMatrix>0.000000 0.987020 0.160596 0.000000 -1.000000 0.000000 0.000000 0.000000 -0.000000 -0.160596 0.987020 0.000000 0.000000 114.597176 -1.346338 1.000000</GlobalMatrix>
				<LocalScale>1.000000 1.000000 1.000000</LocalScale>
				<LocalRotation>0.000000 -0.210525 0.000000</LocalRotation>
				<LocalTransform>11.594895 0.000000 -0.000000</LocalTransform>
			</Frame>
			<Frame Frame="5">
				<LocalMatrix>0.977921 0.000000 0.208973 0.000000 -0.000000 1.000000 0.000000 0.000000 -0.208973 -0.000000 0.977921 0.000000 11.594895 0.000000 -0.000000 1.000000</LocalMatrix>
				<GlobalMatrix>0.000000 0.987020 0.160596 0.000000 -1.000000 0.000000 0.000000 0.000000 -0.000000 -0.160596 0.987020 0.000000 0.000000 114.597176 -1.346338 1.000000</GlobalMatrix>
				<LocalScale>1.000000 1.000000 1.000000</LocalScale>
				<LocalRotation>0.000000 -0.210525 0.000000</LocalRotation>
				<LocalTransform>11.594895 0.000000 -0.000000</LocalTransform>
			</Frame>
			<Frame Frame="6">
				<LocalMatrix>0.977921 0.000000 0.208973 0.000000 -0.000000 1.000000 0.000000 0.000000 -0.208973 -0.000000 0.977921 0.000000 11.594895 0.000000 -0.000000 1.000000</LocalMatrix>
				<GlobalMatrix>0.000000 0.987020 0.160596 0.000000 -1.000000 0.000000 0.000000 0.000000 -0.000000 -0.160596 0.987020 0.000000 0.000000 114.597176 -1.346338 1.000000</GlobalMatrix>
				<LocalScale>1.000000 1.000000 1.000000</LocalScale>
				<LocalRotation>0.000000 -0.210525 0.000000</LocalRotation>
				<LocalTransform>11.594895 0.000000 -0.000000</LocalTransform>
			</Frame>
			<Frame Frame="7">
				<LocalMatrix>0.977921 0.000000 0.208973 0.000000 -0.000000 1.000000 0.000000 0.000000 -0.208973 -0.000000 0.977921 0.000000 11.594895 0.000000 -0.000000 1.000000</LocalMatrix>
				<GlobalMatrix>0.000000 0.987020 0.160596 0.000000 -1.000000 0.000000 0.000000 0.000000 -0.000000 -0.160596 0.987020 0.000000 0.000000 114.597176 -1.346338 1.000000</GlobalMatrix>
				<LocalScale>1.000000 1.000000 1.000000</LocalScale>
				<LocalRotation>0.000000 -0.210525 0.000000</LocalRotation>
				<LocalTransform>11.594895 0.000000 -0.000000</LocalTransform>
			</Frame>
			<Frame Frame="8">
				<LocalMatrix>0.977921 0.000000 0.208973 0.000000 -0.000000 1.000000 0.000000 0.000000 -0.208973 -0.000000 0.977921 0.000000 11.594895 0.000000 -0.000000 1.000000</LocalMatrix>
				<GlobalMatrix>0.000000 0.987020 0.160596 0.000000 -1.000000 0.000000 0.000000 0.000000 -0.000000 -0.160596 0.987020 0.000000 0.000000 114.597176 -1.346338 1.000000</GlobalMatrix>
				<LocalScale>1.000000 1.000000 1.000000</LocalScale>
				<LocalRotation>0.000000 -0.210525 0.000000</LocalRotation>
				<LocalTransform>11.594895 0.000000 -0.000000</LocalTransform>
			</Frame>
			<Frame Frame="9">
				<LocalMatrix>0.977921 0.000000 0.208973 0.000000 -0.000000 1.000000 0.000000 0.000000 -0.208973 -0.000000 0.977921 0.000000 11.594895 0.000000 -0.000000 1.000000</LocalMatrix>
				<GlobalMatrix>0.000000 0.987020 0.160596 0.000000 -1.000000 0.000000 0.000000 0.000000 -0.000000 -0.160596 0.987020 0.000000 0.000000 114.597176 -1.346338 1.000000</GlobalMatrix>
				<LocalScale>1.000000 1.000000 1.000000</LocalScale>
				<LocalRotation>0.000000 -0.210525 0.000000</LocalRotation>
				<LocalTransform>11.594895 0.000000 -0.000000</LocalTransform>
			</Frame>
			<Frame Frame="10">
				<LocalMatrix>0.977921 0.000000 0.208973 0.000000 -0.000000 1.000000 0.000000 0.000000 -0.208973 -0.000000 0.977921 0.000000 11.594895 0.000000 -0.000000 1.000000</LocalMatrix>
				<GlobalMatrix>0.000000 0.987020 0.160596 0.000000 -1.000000 0.000000 0.000000 0.000000 -0.000000 -0.160596 0.987020 0.000000 0.000000 114.597176 -1.346338 1.000000</GlobalMatrix>
				<LocalScale>1.000000 1.000000 1.000000</LocalScale>
				<LocalRotation>0.000000 -0.210525 0.000000</LocalRotation>
				<LocalTransform>11.594895 0.000000 -0.000000</LocalTransform>
			</Frame>
		</Joint>
		<Joint Name="Ref:Ref:Head" ParentName="Ref:Ref:Neck" NeededRendering="TRUE">
			<Frame Frame="0">
				<LocalMatrix>0.987020 0.000000 -0.160596 0.000000 0.000000 1.000000 0.000000 0.000000 0.160596 0.000000 0.987020 0.000000 6.623137 -0.000000 0.000000 1.000000</LocalMatrix>
				<GlobalMatrix>0.000000 1.000000 -0.000000 0.000000 -1.000000 0.000000 0.000000 0.000000 0.000000 0.000000 1.000000 0.000000 0.000000 121.134346 -0.282686 1.000000</GlobalMatrix>
				<LocalScale>1.000000 1.000000 1.000000</LocalScale>
